-1.16,6.2632,8.2146,0.4325,6.6653,8.0004,-3.9377
-1.478,-5.0561,-7.6286,7.1752,9.5228,7.7401,-7.3982
-1.123,4.9224,-5.6677,-5.6254,11.3108,-2.9455,5.5823
-4.4372,2.8777,-5.9121,-5.1285,8.0507,-5.3727,5.4126
-2.2423,6.8376,4.97,1.1085,8.0416,8.6052,-5.4899
-1.9574,-5.9111,-6.2995,7.7163,6.9106,5.6631,-8.0446
1.0522,5.771,1.5953,-7.1291,3.573,2.2993,-9.9183
-4.6388,-2.9476,-3.7762,0.4556,0.8391,-4.2842,-10.1386
-2.4818,-9.6174,4.0334,7.272,1.4823,-3.7766,8.8138
-2.7363,3.9544,-3.917,-5.2242,8.7405,-5.0402,4.4101
2.1613,4.1107,-0.1887,-5.9473,4.5033,3.9719,-8.9075
-4.229,3.3922,-4.2911,-5.7025,10.2124,-4.9599,5.4694
-1.9981,2.8175,-5.3043,-6.0505,9.9032,-4.7544,8.9415
-3.0054,3.4783,-4.7847,-6.2181,11.7276,-6.4578,7.5954
-1.9312,-5.5935,-7.1614,6.9746,7.1241,7.0281,-8.8521
-3.6703,2.8471,-4.6076,-6.056,11.1886,-5.3995,6.9373
-1.786,7.9185,6.597,3.0864,6.5956,8.6534,-5.2083
-4.1116,6.7797,5.8336,0.904,7.3308,8.9569,-4.5623
-3.3373,4.0247,-3.7942,-6.997,7.1353,-6.1185,5.9124
0.793,5.6357,1.1651,-7.2268,2.8077,1.9781,-8.2523
-4.3259,4.7512,-5.3091,-3.945,9.1756,-4.8726,6.998
8.7798,6.6441,6.3299,-8.6142,-2.6623,-3.9712,4.7997
10.0597,4.5077,7.439,-9.4213,-2.2308,-5.2309,5.4069
-3.6273,7.1541,5.6794,2.8084,6.3747,9.747,-4.8274
-1.8601,-6.4889,-6.9125,7.3453,6.3708,3.3044,-7.2104
-0.8979,-3.9452,-7.3812,6.42,7.195,6.4432,-8.2723
-4.7492,3.9875,-4.7787,-4.2562,9.2819,-5.5132,5.2332
-1.7427,-10.1322,5.857,8.7109,-0.8113,-4.3691,8.6888
-4.8638,2.8924,-3.8724,-5.152,10.137,-5.0612,5.6792
-2.1585,-6.9951,-5.6488,7.3921,6.2118,6.6366,-9.3836
-6.108,-3.0343,-2.8453,-0.6623,1.5507,-4.2928,-8.9009
1.8216,6.337,2.1782,-7.9482,4.8813,3.2486,-8.0102
-2.3415,-4.6615,-4.5364,7.3631,7.1637,5.183,-8.9607
-3.8884,-11.1972,4.8579,7.265,0.0355,-6.2734,6.8273
0.221,-5.9465,-5.771,7.8638,6.8659,8.9062,-10.2159
-2.1367,-3.9202,-5.1654,7.6779,7.887,6.3905,-6.9888
-1.4925,7.9218,6.4376,1.5371,8.9618,7.4893,-3.8748
2.1884,5.2565,1.3538,-8.4047,2.2355,4.6434,-9.6771
-2.5396,-6.9611,-6.5746,6.1712,7.38,6.6144,-7.2054
-1.9483,-7.9566,-7.6495,7.1103,6.4234,6.6144,-8.9324
-2.8363,4.7724,-2.7191,-3.4298,10.4666,-6.4693,6.6541
-4.1932,-2.6592,-4.2019,0.7532,2.9024,-4.7317,-9.6139
-2.5317,8.3333,8.4937,0.7591,7.2588,10.4687,-5.3413
8.9631,6.4932,6.6878,-6.6148,-3.0684,-2.94,6.1175
3.0588,5.1818,0.225,-6.1294,4.2654,4.8659,-8.5427
1.7478,6.8796,-0.8565,-8.7899,3.3362,2.3391,-8.3294
9.3882,5.3783,5.6197,-9.3528,-1.6481,-3.7952,6.916
-0.9198,8.3108,7.7139,1.5799,8.9508,9.2613,-3.7179
-5.9202,-2.0274,-2.2181,0.029,1.1444,-4.1906,-10.3499
-4.3351,2.8119,-3.8699,-5.6737,9.9097,-3.5576,5.4726
-2.8091,-5.0983,-6.8642,8.5068,7.8581,6.4672,-8.2133
-1.3338,-10.1347,3.8089,8.3859,-1.08,-2.5855,6.838
-2.301,8.2802,6.9419,1.1788,7.0974,9.6472,-3.9174
-1.2456,-5.9923,-7.5271,5.8896,7.5354,6.8756,-8.1599
-0.0647,-6.4291,-4.9583,8.3165,6.8699,4.9326,-7.9265
-4.0403,3.5228,-4.9474,-6.9116,10.8424,-4.9968,6.1005
9.455,5.6234,5.9168,-8.989,1.0418,-2.5021,5.1126
0.8968,-4.8094,-4.5099,7.6027,5.7572,7.997,-6.5051
-2.6833,7.8371,6.5267,1.6688,8.7199,11.1121,-4.2176
2.9672,5.4393,0.5206,-6.1185,4.1831,2.9871,-8.1953
-3.4667,-12.0684,6.3722,8.1553,0.5529,-5.8244,8.5468
-4.7447,-4.4605,-1.5761,1.4029,1.5226,-0.3086,-10.3237
9.9021,6.8784,7.364,-8.2476,-1.8624,-3.7863,6.7412
-2.8809,6.2648,7.9694,-0.3965,8.471,9.5036,-3.8044
10.1155,5.5995,7.6425,-9.1186,-2.2954,-3.0487,5.3695
8.7028,5.1196,7.8305,-10.1127,-1.7064,-3.0648,6.9681
-2.9595,-7.5834,5.8718,8.4406,-0.8116,-5.5307,6.8702
1.3107,6.5938,1.9288,-10.6944,2.2052,2.7209,-8.695
-4.0125,-1.2452,-3.9561,-0.5906,1.6051,-4.4129,-10.1745
0.5045,4.8797,0.2262,-6.3007,3.9082,4.2795,-8.9614
-4.2137,-9.345,4.5659,8.9033,0.5984,-4.2641,6.7254
-4.4667,-9.4043,5.8258,7.5377,-0.0477,-4.0684,7.2743
-2.8262,4.7643,-4.0704,-3.8751,10.2596,-4.8496,6.09
1.4338,4.5003,1.2261,-6.3186,3.5172,2.6095,-7.6591
9.1336,6.41,6.2056,-8.22,-0.1028,-3.3938,5.1989
-3.0395,3.6097,-4.713,-5.4097,8.3513,-5.8639,4.9795
-3.469,6.0986,4.7403,1.7123,8.5868,10.1701,-5.3683
8.1936,4.544,7.0449,-7.6356,-0.6888,-3.1794,4.4251
9.5994,5.2878,6.9174,-8.5937,-0.8438,-4.0063,2.8778
-1.4795,-6.3162,-4.9334,8.8597,7.4677,6.3066,-8.9864
-5.2043,-5.4521,-3.5135,0.9142,1.0307,-3.1372,-10.1226
-4.8718,-1.6165,-2.3314,1.6398,1.5055,-4.6098,-9.612
-2.6164,8.1068,7.0813,0.9095,5.5363,8.1088,-4.6796
1.2384,5.025,-0.7801,-8.5098,3.1753,2.8549,-9.5509
-2.5964,-9.4184,4.9173,9.1001,-0.601,-4.0127,7.1351
2.8514,5.6461,-0.1194,-7.4473,3.4953,6.5038,-8.099
7.949,4.5879,6.7418,-8.1467,-0.973,-3.9332,4.7645
1.1381,5.9084,0.5185,-5.2923,3.1743,1.459,-7.8484
-1.8447,8.9032,7.1517,1.6482,6.9102,8.6222,-4.5158
-1.7486,-6.5435,-7.2504,8.0791,9.0731,6.3027,-8.5888
-0.7484,-6.031,-6.8845,8.1304,6.9059,5.2188,-6.2041
-2.2247,6.2056,7.6297,1.0938,7.2107,10.8188,-3.8505
-2.8788,-4.0412,-7.6472,6.4073,8.1141,5.5845,-8.4468
-0.1841,5.6221,-0.8643,-7.8382,2.7035,3.3733,-8.418
-2.7547,4.6529,-4.2954,-4.4034,9.2873,-6.0849,7.6223
-2.7016,8.9975,6.7517,0.1257,9.303,9.5573,-4.1467
-3.2077,4.6054,-4.0401,-4.0446,8.7953,-3.1796,6.7835
-1.3359,7.8272,5.3527,-0.506,7.0422,10.1662,-6.3359
-0.7826,8.5735,6.2243,1.2849,7.0672,9.4626,-3.5836
0.8628,5.6229,0.7493,-6.4197,5.634,3.6032,-9.0122
-3.8296,-3.8313,-3.8757,1.374,3.0578,-4.7028,-8.2004
-5.0177,4.9724,-3.6535,-3.6414,7.4993,-2.8243,6.6121
-5.3519,-1.8992,-1.6808,1.012,1.0703,-3.8657,-9.4842
-0.9645,-9.9569,4.8861,8.9774,0.0923,-4.398,8.8986
-5.9667,-2.8525,-3.0201,3.2344,0.1783,-4.3322,-9.2356
2.7244,5.4783,1.5502,-6.4264,4.23,3.1051,-9.0163
8.1567,6.3101,8.4101,-7.595,-1.598,-3.342,6.6004
2.2559,5.1756,-0.6483,-6.5521,2.4537,2.4413,-7.541
-4.9123,7.0821,7.5267,0.5332,6.8706,6.755,-4.4189
0.0761,8.8075,4.7783,1.0595,9.8092,8.4072,-4.7461
1.291,5.1557,0.2066,-7.7898,3.9921,3.4185,-8.5124
-5.9638,-3.3108,-3.2735,1.0123,2.9963,-3.1579,-8.3087
-4.4939,-3.0586,-2.9791,0.2427,-0.0485,-3.3857,-11.274
-1.1111,6.9454,7.2509,2.3444,8.1842,9.4618,-5.2621
-0.6932,-5.7759,-5.5889,7.7953,7.0166,5.876,-7.4844
2.7004,6.5262,-1.806,-7.1955,2.5025,4.1385,-8.5352
-5.0147,3.6033,-4.1142,-5.6982,9.4121,-3.7036,5.3356
-4.5243,9.1584,8.2539,1.638,9.4312,8.3158,-3.3675
-2.9102,-9.0318,4.5068,9.8792,0.0802,-5.3077,10.0676
-1.2397,-5.3293,-5.9314,6.2323,6.6708,6.2328,-8.974
9.7869,5.3962,5.5009,-6.0928,-1.624,-2.1373,5.4605
-2.9447,2.8636,-3.6601,-4.9144,9.6353,-4.3786,5.5562
-2.896,-5.2691,-6.5955,6.2481,6.3103,5.4312,-6.9283
-3.1657,-10.5253,6.1265,7.7164,-1.2018,-2.9361,7.2742
-5.068,-1.8711,-3.2476,1.5659,2.4027,-3.6229,-9.3796
-5.4903,-4.151,-2.7949,1.4038,3.209,-2.2614,-8.0155
8.0962,7.0706,6.7873,-8.5737,-2.0668,-3.7573,5.3327
-3.0537,-10.2176,4.1158,7.8644,1.9222,-3.7119,7.1876
-4.0898,4.8535,-4.4353,-6.5329,8.7633,-5.1258,5.4438
-4.0064,1.7636,-1.8023,-4.2465,11.1907,-3.2579,5.5343
-4.8622,3.7026,-4.7811,-4.3895,9.7694,-4.7864,6.3092
-1.8191,2.876,-5.6457,-6.2401,10.3608,-2.7726,4.6829
-2.5966,-10.5232,5.8512,8.0795,0.1175,-2.8067,8.6107
-2.5636,5.1587,-3.9217,-6.5113,7.2515,-4.2081,6.521
-4.2297,2.4181,-5.2752,-5.7668,9.5131,-5.0283,6.0824
-5.2629,-1.6722,-3.4986,0.2868,2.6973,-2.6615,-10.0867
-1.0606,-10.1544,6.6928,6.1505,-0.233,-3.5093,8.6033
-3.3596,5.8137,7.7108,0.7606,7.1322,10.3734,-4.4142
-1.6926,6.6627,6.6682,2.6289,8.3237,10.0766,-4.3175
-1.1245,6.7331,6.5672,0.8032,7.9474,8.3285,-5.8189
1.8744,5.9662,0.8089,-8.5258,3.3794,0.8377,-8.1738
10.9823,5.3478,6.644,-8.7189,-1.823,-4.4682,6.4609
9.5332,6.4962,7.9702,-8.7096,-1.3201,-2.7028,6.1848
-1.3951,-8.8562,5.9867,8.5156,-0.146,-4.5824,5.8733
0.5348,5.5873,0.2735,-7.2371,6.2018,3.2947,-7.8998
10.3355,4.3808,7.6629,-8.6064,-1.6982,-4.1014,5.7116
-2.648,3.8887,-4.3119,-7.0478,8.0055,-5.7204,4.864
-3.2896,-6.9736,-6.5513,6.8396,8.2009,6.7178,-7.3191
2.3619,5.9025,1.8589,-8.4752,2.4677,0.8101,-8.2639
-1.5083,-5.4327,-6.4656,6.5416,7.8689,7.5427,-9.1413
-2.138,5.0184,-3.9036,-5.1872,8.5251,-4.8265,5.958
-5.0615,-1.471,-2.0694,-0.0502,-0.1952,-5.6876,-11.3309
-2.2916,-9.6082,4.0057,8.1119,1.0706,-3.9327,6.5829
-1.5625,8.146,7.5453,3.2046,7.8541,8.2605,-2.2057
-1.6181,5.1771,-6.3533,-5.1434,10.0486,-4.288,5.4089
1.9324,4.6359,1.034,-7.6433,3.8633,3.4527,-8.9796
-5.2721,-3.5093,-3.234,-0.8829,2.073,-2.1144,-9.0516
-2.3042,-5.1957,-6.0141,6.2014,8.7557,7.4882,-7.1858
10.8274,5.8868,6.4312,-10.9421,-0.7551,-4.3816,7.3951
-3.2348,2.5484,-4.7858,-6.5727,9.677,-4.4099,6.2654
10.0797,6.3115,6.6747,-7.5311,-0.8174,-3.9511,5.0448
-3.0332,-11.4458,3.2959,9.1474,0.0804,-4.2277,6.7793
-1.7458,3.2962,-4.7642,-6.8729,8.2457,-7.0608,6.2614
-1.6179,6.6089,5.3127,0.5945,7.6202,9.6807,-3.676
-2.975,6.3782,6.5373,0.725,7.3981,9.3596,-7.015
-1.918,-6.0521,-6.9054,7.1376,8.149,6.6165,-7.3428
-3.027,4.6443,-4.6548,-4.7603,9.7699,-7.1887,5.2328
-2.9269,8.1877,8.2583,0.2753,7.9281,6.9598,-4.5099
-4.2732,-2.8682,-2.4333,-0.595,0.4733,-4.5053,-9.0377
9.6336,5.1596,8.4881,-8.491,-1.7859,-3.9044,4.6151
-3.8448,5.086,-3.4235,-5.1859,8.9417,-5.815,5.3265
-2.3036,6.9667,7.8427,1.1903,8.2031,8.9105,-4.5178
-1.747,-5.9567,-5.7975,8.0747,8.396,7.3946,-7.5966
-1.971,-7.4569,-4.5062,7.3984,7.3389,7.3992,-6.837
-5.0596,-3.1855,-1.81,-1.4567,1.8761,-3.7051,-9.835
-5.7229,-3.9887,-0.8991,2.757,-0.568,-4.0313,-8.5664
-0.8383,-6.1291,-7.8838,7.6981,9.5463,5.1531,-8.4358
-7.4433,-2.6021,-4.1344,1.0305,0.1332,-4.8255,-10.7484
-2.4046,-7.0923,-5.3909,6.7922,5.8735,5.47,-8.0082
-3.3134,5.6199,4.2423,1.6359,7.3674,9.3385,-4.8636
-1.6418,6.8867,6.4594,1.8415,7.9107,9.1102,-6.1658
-2.6943,-6.6535,-6.3268,8.051,8.9328,6.9167,-7.4071
2.0742,4.1066,1.0187,-8.1959,3.3234,1.8173,-7.4746
-6.6295,-3.5683,-3.0738,1.7086,0.8118,-4.9368,-10.4038
9.4224,4.9249,6.1023,-6.7816,-0.1352,-4.1191,6.4891
1.6877,4.3918,0.9836,-7.8694,3.9019,0.9823,-8.6309
-1.5782,-5.989,-5.095,6.2804,7.0187,8.3183,-9.3387
-2.1779,-5.931,-6.3474,6.9415,7.7169,5.5416,-7.2635
1.4388,5.4524,1.2429,-8.3006,3.3482,2.3026,-7.5574
-1.9541,-3.7703,-6.1494,7.3639,8.6585,5.2482,-8.0499
8.1619,5.889,6.7196,-8.2012,0.1067,-1.7433,6.1551
1.1466,4.3266,2.0392,-7.8975,3.2208,3.0824,-8.2628
-1.3357,7.5253,7.1946,1.5636,6.2804,8.7596,-3.9728
-3.5457,5.8158,-3.3146,-5.188,10.7546,-4.2645,6.5193
-2.8426,-6.3878,-6.9707,7.4324,7.6265,7.4719,-7.8537
9.3658,4.2705,8.915,-7.9412,0.0812,-3.153,6.1466
-1.474,-9.3064,4.9196,7.309,0.3483,-4.9216,9.3183
-0.9162,-10.1452,4.459,8.5551,-0.259,-3.982,8.2665
-1.9748,5.6843,6.8671,2.8852,8.1013,7.0528,-4.5686
1.7191,4.4915,1.1934,-7.3061,2.2786,2.8631,-8.1912
-2.2392,-4.6294,-6.5472,9.3989,7.4969,7.6223,-8.7536
-1.8436,-9.9315,4.8065,7.4066,-0.631,-5.5375,8.6984
1.5154,4.2735,1.4296,-8.169,2.9443,2.0961,-7.3773
-1.4029,-6.886,-6.9445,9.1401,8.3459,6.5541,-6.8303
-2.5652,5.8492,4.7121,1.4909,5.9942,10.0788,-4.712
-2.3685,-9.8416,3.2915,8.2864,-0.9637,-2.4775,7.0231
9.4309,6.9828,6.0564,-9.4643,-1.9861,-1.7983,5.0094
-0.0687,-5.3356,-5.7041,6.6743,8.068,7.4412,-6.3445
-1.4385,-10.5692,3.8102,7.0376,-2.2911,-4.4539,6.4252
-1.8891,-7.0054,-6.5285,5.99,7.8327,7.3837,-9.2395
-0.3999,5.2283,1.1153,-6.4254,2.5918,2.5547,-9.0673
1.6243,4.0439,1.2213,-7.8596,3.4314,2.7929,-8.4636
2.5418,3.0897,2.0006,-6.605,2.4766,2.4752,-9.1978
-3.8434,1.2586,-4.1748,-6.6118,9.346,-3.789,5.8429
-2.1707,3.4356,-3.7917,-5.1947,8.6072,-4.6851,5.2503
-1.8876,7.1133,6.6715,-0.3509,6.663,8.9221,-4.5991
9.5031,4.7341,7.1315,-9.5368,0.2735,-4.4269,6.0623
-1.9158,6.5294,6.674,2.4286,6.5739,10.1922,-3.4814
-4.3772,-3.3996,-3.1692,0.2704,1.3988,-5.8998,-9.4178
-1.9331,-8.9207,6.0378,8.8565,0.5988,-4.8597,9.6114
0.9361,4.5091,1.5037,-8.0688,3.4031,1.3389,-8.2412
2.9074,6.3047,1.664,-8.3927,3.4037,4.5448,-7.488
9.5386,5.6466,6.5754,-8.3513,0.1653,-2.7964,5.1362
7.2846,6.4212,7.1682,-7.7272,-0.9128,-4.6689,5.5332
-1.6969,-5.0351,-5.9163,7.8802,8.472,5.5338,-8.0983
-3.1715,5.7588,-2.9607,-6.1304,10.0233,-5.5332,6.8
-3.1765,6.0552,7.4333,-0.3177,8.5449,9.904,-5.2318
1.4433,4.8492,-0.3508,-5.3954,3.9114,1.8103,-8.2102
-4.2689,4.9183,-2.7727,-2.6708,7.8636,-3.2375,5.3772
-5.1063,-2.9397,-2.5812,-0.2851,1.0195,-3.886,-9.9101
-1.7005,-7.5506,-7.5919,7.0569,8.1226,5.8535,-8.6487
-5.842,-2.5001,-2.8792,0.1682,0.2058,-4.5632,-9.4214
-2.0855,7.1125,7.5259,1.6244,6.7562,7.5238,-7.088
-3.1908,8.3381,5.5208,-0.0693,8.8896,9.388,-3.2688
-3.5153,5.917,-3.6084,-6.0861,8.9695,-7.2429,7.4076
-1.6061,-10.6268,4.3685,9.4282,-1.4873,-4.0372,8.7453
-6.1896,-3.2384,-0.9339,1.5521,0.918,-4.6151,-8.679
-5.7764,-3.4057,-2.7726,-0.1052,0.9484,-2.6882,-10.3401
-4.4602,-3.2277,-0.844,2.0508,0.6691,-4.3212,-9.2325
-1.5202,-10.5591,4.8186,8.6506,-0.8035,-4.0994,8.7768
-3.6573,-8.2292,4.9008,7.0975,-0.3106,-3.6132,7.1553
-2.5841,-3.6512,-7.6836,7.7144,7.5348,6.8022,-7.8942
-4.3981,6.3039,-4.2495,-4.6825,9.0936,-5.2307,6.5445
1.6954,5.8315,2.9187,-8.9656,3.0494,4.5043,-8.3297
-2.5999,6.9465,4.3562,1.1847,7.532,9.6262,-5.9212
2.8568,4.6453,1.0115,-8.2339,4.2635,5.0147,-10.5123
-5.6989,-3.275,-2.7345,1.0908,1.5492,-5.0938,-8.4197
-5.476,-2.5472,-1.9793,0.7982,1.207,-4.1432,-9.3541
2.0726,5.3776,3.0218,-7.2807,2.7093,1.1775,-10.74
8.6361,4.3531,7.9297,-6.6417,-1.4513,-2.2915,7.2268
-3.7876,-10.6871,4.5939,9.3149,-1.008,-4.6754,7.9064
-5.2103,-0.8534,-1.3373,0.9632,-0.3044,-6.1085,-8.2741
-3.5094,8.0592,7.4896,0.0865,9.0055,9.9336,-4.7136
-1.1451,-7.991,-8.4831,8.1727,7.6912,6.7638,-8.4158
9.3818,7.2046,6.7813,-8.803,-2.0095,-2.6844,7.0864
-2.4512,-10.5117,4.7863,7.2174,-1.242,-7.1149,8.2776
9.1219,5.6177,6.7625,-9.6167,-1.9414,-2.9325,5.5628
2.3116,5.4275,0.3692,-6.9519,3.9875,0.9259,-9.5826
-4.4774,-1.7125,-3.206,0.6438,0.906,-3.4679,-10.0602
8.3406,7.0484,6.2145,-9.0088,-0.8659,-1.1292,6.3257
-2.6582,-9.2593,5.1948,7.4284,-0.3411,-2.3145,9.3042
-2.5717,-9.5083,5.1717,7.5569,-0.186,-5.6764,8.9216
-2.4589,-9.4958,5.401,7.2622,-0.7477,-2.7558,7.6272
-3.7692,4.3593,-5.1487,-7.3859,9.4114,-3.9622,5.9896
-4.4548,4.7037,-5.1345,-4.6583,8.3975,-3.383,5.0247
-1.4361,8.6913,7.6612,2.2939,9.4158,9.7785,-5.4315
-0.7147,4.7166,-5.2134,-5.3619,10.1891,-4.7494,4.0035
9.4591,6.8444,7.9634,-8.5261,-0.947,-3.3468,6.743
-3.7349,4.2455,-4.3931,-6.7644,9.7073,-6.3358,6.1686
-6.5211,-3.5568,-2.2652,0.975,0.4608,-5.263,-9.5573
9.6861,6.7344,5.2857,-7.7666,-1.7299,-2.441,5.8851
-2.058,-6.0351,-6.4725,5.337,7.9046,5.9482,-7.3664
-2.6722,3.5651,-5.3428,-3.6028,8.292,-4.4526,5.6895
-3.1387,-7.4093,-6.8289,6.6217,7.3491,6.7901,-8.5185
-1.9252,-6.5647,-6.1976,8.0777,7.9196,6.0437,-7.9545
-1.75,-7.4717,-5.5562,6.267,7.3943,6.459,-9.5521
8.9033,5.9582,8.0769,-8.3792,0.9197,-3.2049,4.9314
-2.0361,-9.4456,3.9584,7.6539,1.6111,-4.1803,9.4602
-4.4892,-2.5618,-3.1369,0.2768,1.4198,-3.4593,-11.0232
-2.0345,7.1729,7.8359,1.6463,7.7968,10.7709,-4.9084
11.7452,7.1719,9.265,-7.5109,-0.79,-3.4035,5.0535
-3.5797,3.3535,-5.3836,-4.4524,10.207,-3.0757,4.4759
-2.2577,-6.7901,-5.6078,7.4843,7.0152,5.8184,-7.7929
-6.937,-2.9088,-3.9741,1.6485,0.2992,-2.107,-10.0665
0.9649,4.3406,1.4986,-7.1523,1.2261,2.9066,-7.2517
-3.983,5.819,-4.7186,-7.2139,9.343,-4.3853,6.5351
-5.8029,-2.7692,-4.3999,1.1112,1.0964,-4.4495,-9.3893
1.7873,4.6259,-0.5016,-6.932,5.2671,4.349,-6.9947
-0.2808,6.6936,1.9016,-5.8612,3.3145,2.4426,-7.5949
-2.9806,-11.3815,4.4779,7.5852,0.3079,-4.0533,8.5164
8.8125,6.7682,7.4716,-8.0954,-1.3812,-3.5267,5.4723
7.115,6.4359,7.5779,-9.1656,-1.0631,-3.7723,4.5906
3.548,5.8482,0.895,-8.2892,2.311,3.029,-9.0808
2.288,5.2876,3.0321,-7.4602,3.9349,4.57,-8.3964
-1.4566,-8.7806,4.5845,8.0772,0.5816,-6.2885,8.2555
4.0182,4.633,0.2038,-8.5993,3.6381,3.9535,-7.7837
-4.2715,-3.6196,-3.2147,0.4721,2.1917,-4.0078,-9.5458
-3.2448,-6.3703,-6.5314,7.6829,7.887,6.5199,-8.6251
-1.7148,-9.9217,4.8063,9.973,0.2891,-4.2134,8.5952
-1.4854,-10.0875,4.4334,8.1764,0.0802,-3.3047,8.1684
-1.9927,-5.0336,-7.7179,6.7471,6.3885,5.9481,-7.2702
-5.1169,-2.3851,-2.8488,-0.7396,0.0255,-3.665,-10.3475
1.0191,4.9977,0.8262,-9.3518,3.8004,4.5755,-8.0287
8.2659,4.945,7.1726,-8.7084,-1.4485,-3.1947,4.8056
-2.2927,-10.1248,6.1845,8.0004,-2.1965,-4.8291,8.682
-3.1563,-11.0736,5.5262,7.6052,-0.0681,-4.6126,7.2294
-4.0238,-3.8852,-2.7057,0.8085,1.7637,-4.0388,-8.9767
-2.445,7.3486,6.8774,1.8117,7.5601,9.102,-4.7014
9.3278,5.4858,6.386,-8.5762,0.1789,-2.8781,4.7857
1.925,3.7477,1.601,-6.9187,3.8979,2.3193,-9.6048
-2.0666,-9.4537,5.658,9.711,-1.1434,-3.1254,6.6492
1.2922,5.0767,-0.8803,-6.5159,2.5691,3.9331,-7.9982
-1.1102,8.8666,7.9681,1.2322,7.8113,9.9457,-3.2919
-0.1304,7.8143,7.9452,1.7992,7.7495,9.3063,-6.8272
0.2535,-6.8774,-4.021,4.854,7.7549,6.0082,-7.758
9.9153,6.6457,6.7478,-8.9318,-1.5338,-2.9819,5.788
1.0393,3.4887,1.7144,-9.2817,4.0397,2.1937,-8.9056
-1.7049,-10.1938,3.1024,8.7783,0.348,-3.0738,8.1239
-0.696,-8.9152,6.1749,7.8211,-0.967,-6.2762,6.3421
-2.1269,6.602,6.9657,1.3371,7.3521,8.6253,-2.7901
0.4981,5.8562,1.0601,-6.4265,4.3942,1.0061,-8.2704
-4.6736,-3.3906,-3.9194,1.1109,1.7898,-4.4507,-10.1749
-1.4888,-6.3869,-5.0057,6.5139,6.7024,5.5659,-6.3165
-1.5788,-9.5999,5.4839,6.0202,-1.3802,-3.5639,6.7465
9.0567,7.1057,7.4626,-7.5504,-0.9314,-5.0073,5.0344
-1.1822,-7.3511,-5.4067,5.7145,7.3519,7.6594,-8.2695
-4.9881,-3.5765,-4.8063,1.1344,0.7384,-3.131,-11.1386
-3.9146,4.4886,-3.0145,-4.3085,8.0647,-5.9399,5.6615
-6.939,-4.7418,-3.5534,-0.3351,1.1941,-4.2804,-9.0381
-3.1427,-3.4748,-2.6248,0.1155,0.9686,-3.6724,-10.8557
-5.708,-4.2449,-2.4134,-0.1994,1.6006,-3.829,-11.7008
-1.3002,-9.7547,5.8807,7.5312,0.0588,-3.7354,7.5928
9.8255,6.7879,5.9483,-9.7817,-1.9544,-4.4478,6.2907
-5.1432,2.4415,-2.6132,-5.8342,10.02,-4.6589,4.4418
-1.2465,-10.6391,6.8007,9.0314,-0.004,-2.6076,9.2746
-3.7975,4.1527,-3.8305,-4.7427,9.909,-6.226,4.6129
-0.3145,-5.5703,-6.8322,6.9671,7.0455,6.3141,-7.9216
-2.6794,-9.6262,5.0017,7.8975,-0.7414,-3.8911,7.3303
1.1897,5.785,-0.9599,-6.8771,3.6541,3.1803,-7.7329
-0.8525,-4.8264,-5.5034,6.8069,8.7664,7.0104,-6.7884
-3.983,4.6485,-4.5587,-6.4926,9.9127,-3.2322,8.5951
-2.9089,9.3239,5.5931,1.0704,7.3187,8.6906,-6.2271
0.9452,4.6453,1.7109,-5.7357,4.4102,1.5986,-8.1818
-2.0405,-6.6331,-6.5453,6.9759,7.3789,7.7955,-8.9499
9.4896,5.192,8.6756,-7.8072,-2.5056,0.1622,5.4433
-3.1571,4.2354,-3.4433,-6.2692,8.9479,-5.7273,5.0251
-2.5493,-9.9986,5.5464,8.5318,-0.1819,-4.1016,7.4927
9.4613,6.964,7.2647,-9.3237,-0.7243,-3.5099,6.1664
-3.9977,-5.843,-5.3336,7.0189,7.4469,5.5415,-7.5075
-1.5228,-6.6694,-5.1242,7.3816,8.1506,7.4064,-11.7059
8.7142,5.4369,5.593,-8.6758,0.4472,-4.2337,6.163
-0.3399,-4.7314,-5.3382,6.058,6.9002,8.6364,-9.1473
9.7245,7.4527,5.1899,-8.0224,-1.6574,-3.5437,5.4786
8.2753,6.501,6.6876,-7.6031,-1.1256,-3.2978,6.3501
-2.6157,4.4352,-5.559,-6.9168,9.8063,-4.0363,5.1871
-5.7692,-2.2265,-0.9741,-1.7563,-0.0709,-4.8406,-10.2742
-3.493,-6.8606,-6.4481,6.0804,7.4159,5.6472,-9.5984
8.0435,6.263,6.2026,-7.2984,-0.3528,-3.9952,5.8237
-4.7727,3.8287,-6.4295,-3.764,9.7383,-5.6098,6.5085
-1.6636,-10.0398,4.7688,6.4894,-1.9835,-4.6448,8.6173
-1.7594,4.5677,5.2269,2.0604,8.1114,9.9302,-4.8654
1.0729,7.1335,2.2436,-7.2493,3.54,2.6315,-8.2325
-4.5281,3.9697,-6.7938,-5.4008,10.7198,-6.9469,3.6894
-2.7159,-4.8442,-5.8732,5.4697,8.1632,4.2582,-8.5056
8.4099,4.8838,6.6689,-9.6875,-2.6905,-2.064,3.1422
2.4349,4.8094,1.7218,-7.58,4.5751,3.7104,-8.8857
-3.6975,7.2882,7.0336,1.5553,7.748,8.3842,-4.3839
-3.0405,-8.7338,4.0996,7.6575,-1.9193,-4.3489,7.7371
-3.337,8.1759,6.3191,0.3281,8.1255,8.3477,-3.3204
1.8405,4.9042,1.4419,-7.2895,3.9337,1.1179,-8.2443
3.2042,4.6578,0.9633,-8.2218,4.8362,4.1696,-7.7344
-1.45,-6.2433,-6.9253,7.4779,6.7805,7.0937,-9.0958
-4.6899,-2.3609,-1.2479,-0.7392,0.9285,-5.0343,-8.425
-5.4979,1.6902,-6.515,-5.3326,10.0824,-4.3625,5.6876
-4.3049,2.3961,-4.0711,-5.2421,12.4607,-3.0356,6.5084
-1.7399,-6.8588,-4.6887,7.4486,7.1774,7.1495,-8.2537
-4.4297,2.3868,-3.6629,-4.8716,9.2343,-4.0684,7.3698
-3.8545,1.8831,-4.9392,-5.8085,9.2915,-5.3293,5.7182
1.7828,6.3609,0.1386,-7.2114,2.3558,1.5445,-9.5034
-2.0139,8.1368,5.7245,0.3196,9.0954,9.2081,-5.3662
-3.9596,-5.6586,-6.6167,7.5704,7.6368,7.0584,-7.2697
-3.2166,4.4688,-3.4382,-5.148,8.7971,-2.9505,6.5289
2.0323,6.387,0.8248,-7.4068,2.509,4.2584,-7.7806
-4.4412,-2.2699,-1.9952,0.6814,2.5416,-4.2082,-9.3043
-0.8661,-4.9098,-7.6556,7.8039,7.9215,6.0433,-8.6508
0.6396,-5.1283,-4.8442,8.8649,10.2221,7.882,-7.1761
-1.5624,-5.1791,-5.25,7.1083,6.2608,7.3286,-9.1598
8.167,4.5651,5.8385,-7.8576,0.3542,-3.2491,5.0071
-1.9918,-10.0182,6.5147,5.7118,-1.3444,-2.6961,7.5047
-2.2208,-10.2277,5.1294,7.9482,-0.3908,-4.1848,8.0435
1.9573,5.1802,-1.3282,-7.5949,3.5529,1.168,-8.7976
-5.2893,-4.0411,-2.4201,0.5863,0.3342,-2.8143,-9.0245
8.3773,5.0007,8.1169,-8.3633,-1.9498,-2.1577,6.2216
-3.7545,5.2263,-4.4619,-4.2006,8.3085,-4.837,6.2576
-3.072,-10.3998,4.4328,7.1276,-0.5795,-4.8832,7.9188
-2.4246,-5.5888,-6.4723,6.7861,9.48,6.0541,-8.7523
-2.7509,-4.1441,-6.3094,6.8625,9.1729,6.8181,-7.1108
8.8154,5.6564,7.36,-9.2408,-0.296,-1.843,4.6489
-2.8999,6.8739,8.6864,-0.0364,8.0966,8.8439,-3.4561
-5.2113,-4.9682,-2.7501,0.0846,1.7707,-3.0631,-10.0571
-3.0013,-11.701,4.5159,8.0363,-0.0244,-3.3421,9.0117
-1.0019,7.8806,6.6422,1.7338,6.5047,8.624,-2.7407
8.2808,7.3399,6.2,-7.7187,-0.9273,-2.3853,4.6446
-2.9887,-11.09,4.0211,10.096,0.8092,-4.4551,6.9895
8.9414,6.6165,6.9438,-8.3649,0.7351,-3.8738,5.9083
-2.9375,-6.1208,-7.0051,7.617,7.6006,8.483,-7.4308
2.089,5.9624,0.3361,-7.5089,3.5968,1.1909,-8.6322
-5.4041,-2.1877,-3.2487,3.279,0.0827,-4.0367,-11.1393
-2.7087,-10.6189,5.1699,6.826,0.437,-3.1208,8.7182
8.1158,6.0329,6.6083,-7.6114,-2.4212,-4.1163,6.2135
-3.5179,-10.2972,3.3283,9.056,-2.0599,-3.8152,8.394
-2.5081,7.0304,6.7671,1.3778,6.9648,9.3557,-3.5216
-1.7845,6.43,6.6371,-0.2079,8.3824,11.2314,-5.9862
-3.6656,-2.0176,-1.5,0.7579,0.2899,-3.9537,-8.713
-0.7016,-7.3656,-4.9861,7.1236,8.0186,6.101,-7.1912
9.9169,5.759,7.1968,-10.6777,-1.3803,-4.0024,4.7053
10.5645,7.024,8.2065,-8.3288,-1.4792,-3.4169,8.6263
8.8444,6.3595,7.0412,-9.0476,-2.1723,-4.6829,4.1778
-3.029,6.5557,8.8228,0.0706,8.5389,9.3176,-4.7836
-4.7461,-3.836,-3.0216,0.1642,2.4189,-4.9662,-6.9584
-1.6679,-12.0088,4.7224,8.1711,0.088,-5.2443,7.8969
-2.0292,6.2022,7.0429,1.1091,7.0792,9.1851,-4.0269
2.0574,4.3876,3.2067,-7.1983,4.233,3.16,-7.6299
11.1629,6.2363,6.3812,-6.3642,-0.7346,-2.8882,8.2622
-2.9274,7.6549,6.6018,1.9873,7.9636,7.2465,-5.1041
-3.5424,6.9989,7.2503,0.6775,9.6804,9.7296,-3.9142
-1.566,-8.1452,3.0148,8.6765,-0.2685,-2.9358,6.698
3.3571,5.075,1.6397,-7.4497,2.2494,4.2152,-9.9151
-1.5927,6.7392,6.8971,-0.0635,7.8516,9.5741,-3.748
-3.5512,-4.1947,-2.4451,1.2248,0.8315,-5.3362,-10.3476
1.977,6.1274,1.8906,-7.9036,3.0916,1.6528,-8.5299
9.1747,5.5947,8.5756,-8.2645,-2.2287,-3.5283,5.8644
2.5635,6.7223,1.5214,-7.7127,5.3774,2.6115,-8.7249
-1.4624,-7.1691,-7.0057,7.8734,8.9867,5.3616,-9.1879
-2.4531,-9.474,3.5195,8.8655,-0.6484,-5.4128,7.6367
1.384,5.6997,0.5696,-8.1212,2.8136,2.1519,-9.8394
9.3832,6.3071,6.7158,-9.3154,-0.4814,-2.3921,5.9393
-1.3582,-5.1372,-4.3721,8.2295,8.123,5.1668,-7.6024
-0.6685,-6.2686,-5.3616,8.6203,6.2107,7.0933,-8.2407
10.6405,6.7067,5.2562,-8.6561,-1.3749,-1.9536,6.553
2.1237,3.5597,2.0777,-6.3255,3.784,4.0808,-8.6834
10.6828,6.238,7.4343,-8.489,-0.599,-4.9532,5.6226
1.4455,5.3703,1.4251,-6.426,4.0749,1.0041,-8.1572
-5.3636,-4.3171,-1.9628,0.5035,0.8734,-1.7614,-9.9821
2.5965,4.3401,-0.5617,-9.0437,2.538,2.803,-6.1046
-3.9599,4.0161,-2.1694,-4.4842,8.8594,-3.8919,5.4992
3.1677,5.2979,-0.8837,-5.8952,4.4784,3.4506,-9.312
-2.0015,8.1627,6.6443,1.367,8.9062,10.315,-3.4141
-5.5715,-2.8921,-1.4205,2.1313,1.7621,-2.5127,-8.2887
9.4623,5.0511,7.0823,-7.038,-1.4972,-1.8644,4.3369
2.912,4.8001,-0.348,-7.0271,2.2683,3.7993,-9.1112
-1.4818,-4.4337,-5.192,6.6654,5.9118,6.0898,-8.8992
-4.0191,1.7888,-4.2895,-3.584,6.9481,-4.217,6.5116
-2.4533,6.8856,4.9868,0.5928,7.5704,9.6192,-5.1554
-3.3053,6.0195,7.535,0.8731,4.7115,9.2846,-4.8687
0.4588,4.8999,1.3812,-7.6814,3.7973,2.2711,-7.9943
-3.0269,6.5561,6.3674,1.0276,7.4683,10.511,-4.7608
9.6091,7.1088,7.408,-7.889,-0.0058,-2.128,6.6515
-5.324,-4.1495,-3.9858,1.0105,0.3887,-4.4492,-9.8016
8.5318,5.852,6.4728,-8.985,1.4998,-4.1989,7.5431
-1.6594,-9.9923,4.5607,8.7256,-1.0345,-4.4619,7.5339
-7.2783,-2.1558,-1.8594,0.2983,2.2867,-3.0333,-9.3778
-5.8895,-4.0359,-2.9914,1.538,1.4081,-4.4214,-11.9234
-3.2091,-5.2148,-6.7866,7.7802,7.4614,7.5774,-8.9143
-3.5117,5.4155,-5.584,-4.3744,8.4431,-4.4262,6.2696
-1.2313,-3.5513,-6.7434,8.8521,7.6997,6.4751,-7.2495
-2.306,-5.8139,-7.3573,7.7233,7.3388,5.9679,-7.8381
-3.2193,7.3708,5.776,0.5454,8.9999,9.34,-3.8794
-3.6041,-2.9354,-3.9908,0.7222,0.3894,-2.8211,-9.6214
-1.3183,-7.3068,-7.0287,7.3468,8.5744,6.6325,-9.003
3.1398,6.0327,-0.2646,-6.7167,4.7258,2.518,-8.8417
-1.7279,-4.4485,-7.2858,7.645,7.2399,6.322,-8.6284
-5.9968,-3.4136,-2.3952,0.5994,2.1382,-3.1917,-9.8426
-3.3456,5.3656,-5.7145,-5.9429,9.3103,-4.8848,5.2415
7.907,7.4594,7.5421,-8.2437,-1.3754,-1.5628,5.3215
-2.5713,-7.4621,-6.3662,7.6855,9.1675,7.1064,-8.0479
-2.4755,-10.9544,5.1095,7.9154,0.081,-4.539,8.9617
-1.6414,-4.3518,-6.8236,6.751,7.4651,7.5255,-7.5925
-1.2609,6.105,7.1542,0.6112,6.132,9.4125,-5.4065
-2.3804,2.2677,-5.5641,-3.488,10.0693,-3.812,4.0198
-4.8673,-4.4956,-3.1181,-0.6597,1.8094,-6.6021,-8.6378
-6.5342,-3.1064,-3.2156,0.9331,1.2367,-5.5224,-11.9142
2.1828,4.6213,-0.3282,-6.7406,3.9598,2.4703,-8.3732
9.0511,6.0071,7.3565,-8.5904,-0.6026,-4.3125,5.8835
10.3899,4.1665,7.4218,-8.096,0.0311,-2.4009,5.5474
9.219,5.5871,6.5199,-8.3749,-0.1069,-2.3112,6.1496
8.8995,5.0385,7.4869,-6.7231,1.8992,-2.7867,5.5674
-3.4235,6.2511,6.0629,2.2099,8.5778,10.1353,-5.6832
-5.2626,-1.0296,-2.2297,1.1642,0.9115,-2.9511,-9.3789
-2.3354,-5.4008,-7.5189,7.2578,4.8609,7.0392,-8.2965
1.6449,5.4535,0.4943,-7.2338,1.9425,1.6906,-9.0051
-1.7705,6.2625,8.1443,0.0088,7.5928,9.3128,-3.3393
0.8404,4.6341,1.4248,-7.6909,5.5636,3.5714,-10.1666
8.895,7.1079,7.7792,-7.1719,0.2939,-3.1264,5.9181
-3.0339,5.1391,-6.3604,-3.3492,7.9612,-6.0332,6.1774
1.5612,4.619,0.1989,-6.4413,4.4063,3.3329,-7.3091
-3.5938,-9.5367,3.8016,7.9407,-0.4342,-3.4491,8.8681
-0.1972,-9.2705,4.8229,7.0839,-0.4492,-5.0478,9.1424
-2.734,3.7231,-5.9482,-3.9033,12.1041,-4.8392,4.6502
-2.8955,3.8831,-4.273,-4.6319,8.7371,-3.864,4.8498
-2.5634,6.5864,7.6467,0.0974,8.256,11.2532,-4.717
-3.7979,6.1798,6.736,1.8971,7.5221,10.1419,-5.0926
-1.8011,-5.0698,-6.1978,8.2359,7.4634,6.5623,-8.0874
-3.2833,9.6879,7.9758,2.8115,7.3629,10.2087,-4.4567
11.5313,5.8259,6.0933,-7.5907,-0.5915,-2.7949,5.4199
-2.0409,-6.8506,-5.9747,8.0574,6.819,5.6871,-7.7933
-2.6669,7.3284,6.9792,1.2555,6.0152,9.5559,-6.043
3.7357,5.9122,3.1751,-7.9868,3.4028,2.1704,-9.3301
10.3909,6.7401,7.273,-7.9319,-3.454,-3.6582,4.9891
-2.1372,-9.8458,5.1682,6.9462,-0.2672,-4.2191,7.5939
-4.296,-10.9726,4.8184,7.877,-1.7027,-4.5875,8.4073
2.2076,4.1989,1.4274,-7.9363,3.3321,2.5623,-7.2234
-1.8933,-6.2513,-5.6172,7.488,7.5245,7.527,-8.9583
-2.5016,-4.5447,-6.9508,8.8115,8.7249,6.6128,-8.903
-6.3459,-2.6135,-1.3025,0.5626,0.3668,-3.3201,-8.3549
-3.6516,3.5668,-3.9215,-5.4204,8.5852,-5.2913,5.2947
-3.1727,3.9161,-4.246,-4.2335,7.8972,-4.8094,7.2369
-0.3194,-5.4079,-4.9353,7.9678,7.371,4.961,-8.5592
-4.6477,-2.6725,-3.0182,-0.9914,2.3601,-4.8996,-10.143
-1.2834,-5.7124,-5.0272,6.5298,6.919,6.1153,-6.7361
-2.3041,5.0546,-5.3296,-6.2636,7.5296,-4.472,7.0196
7.3324,7.0213,7.6647,-9.5757,-0.9029,-1.6393,7.083
-2.7488,5.2679,7.03,1.4882,8.7656,7.8301,-4.4822
-2.4622,7.625,8.5463,2.9897,6.5838,8.839,-5.4161
-5.7713,-3.932,-2.8866,0.53,1.3437,-3.1019,-10.2653
-4.1958,4.2086,-4.3021,-6.516,9.0481,-4.9052,6.5276
-3.8863,5.6523,-4.506,-6.3481,9.7719,-5.9238,6.2451
-5.5206,-2.5926,-3.0525,1.721,-1.5353,-5.1831,-8.883
-2.8386,-10.5285,4.7704,9.684,1.0857,-2.3934,8.1317
-1.5396,8.306,6.7046,1.6544,7.7964,11.2572,-5.6769
8.3358,6.276,7.7058,-6.7865,-0.3812,-3.7558,5.6722
-0.3937,-6.6385,-6.7306,7.6268,7.4443,6.5239,-7.7562
-5.3524,3.0531,-5.5301,-5.4119,9.0425,-3.6479,5.4225
9.4534,7.6267,9.228,-8.1856,2.0591,-3.084,4.0564
1.0021,5.834,0.7706,-7.2711,4.0904,2.5676,-8.6013
1.6362,5.0168,1.5439,-7.2871,3.3824,4.8105,-9.2252
-6.7421,-4.834,-1.1511,1.6322,0.3703,-4.0826,-10.0619
1.5757,5.8818,1.6498,-6.2326,2.8597,0.8311,-8.6033
-1.2429,3.3554,-3.5564,-4.8871,7.9232,-2.7799,5.6315
-2.2685,-5.6006,-6.3004,6.9123,6.7276,6.2164,-8.2163
-1.9399,-10.3033,4.7252,7.984,-0.5049,-3.0674,5.1581
10.3354,8.6346,5.6897,-9.2289,-0.9211,-3.8699,7.4631
8.732,5.3836,5.7608,-8.6359,-1.611,-3.4265,6.6419
2.2745,6.1837,1.2415,-6.7488,2.5817,3.3089,-8.5124
1.7019,5.1359,1.0136,-9.1056,3.1343,3.9736,-9.1179
-5.2332,2.1276,-4.5099,-4.3171,9.3173,-4.6063,5.2928
-1.2309,-5.8346,-4.5887,7.2093,8.1402,6.0311,-9.3913
-3.2637,3.8154,-2.4531,-3.9014,9.4749,-6.5945,6.811
-5.3352,4.6622,-4.5198,-5.3964,9.1255,-4.0457,6.7784
-2.1739,3.6612,-3.8355,-5.0909,9.4147,-5.231,5.3299
-1.0268,5.2796,7.1483,-0.0681,7.9681,9.2223,-3.2463
-4.3576,3.2986,-4.3374,-4.9657,9.2389,-4.9398,4.2392
-4.2387,-9.523,4.6341,8.0965,-0.3878,-3.7666,8.4951
-3.0022,2.7123,-3.7563,-5.8515,9.5424,-5.0259,6.7574
2.7564,3.695,0.2306,-7.8897,2.7905,4.0267,-9.5122
-4.342,7.5432,6.2842,0.8043,6.9086,8.6994,-6.7758
-0.5522,-9.7562,4.3622,7.3002,0.9779,-4.8588,7.3758
2.2119,6.5856,1.7098,-6.0128,3.154,1.7139,-8.3486
8.2388,7.4179,7.8932,-7.5064,-0.6049,-4.2148,4.9296
-1.8834,-5.5326,-6.3265,7.5353,6.7081,7.1619,-7.0786
-0.9011,-6.0892,-5.1787,6.53,8.8026,5.1971,-6.2488
-1.5542,-10.4692,5.4007,9.2307,0.1682,-4.4907,7.0832
-4.4857,7.2411,6.8708,0.4231,8.1026,9.4037,-5.4219
9.6942,5.7727,5.6869,-8.0785,0.6724,-2.0358,6.06
-1.0127,-6.5059,-5.5316,7.6518,7.6261,6.6742,-8.3862
-3.9542,-2.9869,-3.7378,2.058,0.7822,-4.7973,-7.6838
-0.224,-5.1195,-8.2171,6.4642,7.102,6.9112,-9.6
9.753,7.1336,7.548,-7.9234,-1.4263,-4.1563,5.4309
-2.2084,-5.012,-5.8747,5.757,5.7321,5.5834,-6.7914
-2.8303,-8.8441,3.2604,6.7002,0.7767,-4.8548,7.8102
-2.3597,8.0268,6.5319,1.4505,7.9272,8.6422,-3.8663
9.7139,5.5765,8.701,-6.2459,-0.8319,-2.8181,6.0626
-1.2776,-4.9124,-6.5185,7.2077,7.9179,7.4113,-7.9768
0.0777,4.5603,0.583,-5.7933,4.2235,1.8227,-8.4539
3.4923,5.8142,2.2324,-7.3376,4.2181,2.014,-8.8106
-2.9874,8.8523,8.1188,-0.1718,8.1385,10.3509,-6.2549
-4.3749,4.0869,-4.4559,-6.2613,8.7375,-5.6415,7.6158
-2.9067,3.3918,-4.7117,-3.7892,8.4217,-5.5056,4.2616
-4.807,4.5734,-6.0011,-7.7563,8.9917,-5.7881,5.4717
8.3418,5.767,6.5429,-9.1304,-0.1124,-1.4348,4.6158
-5.6656,-3.7231,-0.9804,-0.6308,0.3509,-3.8978,-9.6972
-1.6007,-8.8315,4.8771,7.8999,-0.2491,-4.5155,10.4628
-4.2308,-10.7466,3.4703,7.8515,-1.3873,-3.9736,8.3469
-3.2494,4.3411,7.0979,-0.2006,8.0103,8.4533,-4.3189
9.2901,5.6424,7.6817,-8.5924,-0.8968,-2.499,6.4194
-1.4084,-7.6875,5.0257,7.6798,0.6569,-2.4016,5.9586
-1.3272,-4.9267,-3.9814,7.0581,5.5996,6.3866,-9.2589
-2.0979,-7.0541,-6.9439,8.6128,8.0653,6.2002,-8.3941
-2.4799,-3.0675,-3.0449,2.4534,2.7696,-3.1764,-9.4537
-0.3041,-4.8964,-4.7539,8.7998,7.1605,6.7467,-7.9571
-5.156,-4.1756,-3.0621,0.9763,0.6043,-4.1752,-10.2513
-1.1988,6.4957,6.2495,2.5385,8.3706,9.3272,-4.6904
8.5056,5.3099,6.011,-7.6105,0.757,-3.8503,6.6731
-5.4395,3.9144,-5.8861,-6.1415,8.3752,-6.3928,4.7235
-1.2652,8.8412,7.885,1.5225,6.6772,8.9868,-3.4801
-2.7491,6.4033,7.1591,0.959,7.8603,9.6026,-6.6775
-5.4525,-0.9856,-1.3641,0.3253,1.0681,-4.2274,-9.3789
-1.6972,7.2825,5.6976,-1.5795,7.9547,10.0109,-4.9491
-3.5747,3.8399,-3.204,-6.6134,9.8924,-5.1275,7.7498
-5.5377,-1.9529,-3.0927,2.822,1.0753,-3.3175,-8.1172
-2.8349,-11.0872,5.779,9.2463,-1.2447,-1.5742,7.9792
0.1794,-4.8092,-6.9206,6.2715,7.0474,5.7089,-6.6433
-7.3736,-2.2352,-3.2391,1.8284,1.0903,-2.2491,-10.3112
2.8398,5.931,1.8811,-7.6425,4.4955,2.7813,-8.7257
-3.6909,8.9224,6.8791,0.6765,7.9771,7.8273,-5.5072
-0.6662,-6.2548,-4.4806,8.2716,7.6155,8.3641,-7.6611
-2.7129,-11.0194,5.9897,9.7969,0.514,-5.973,7.3523
-2.9789,2.8881,-4.4995,-7.9422,9.032,-5.3366,4.8508
-4.5012,3.3221,-4.934,-5.8759,8.987,-4.374,5.5699
-4.3485,-3.48,-2.7792,0.8406,3.0786,-4.8864,-10.4918
-3.2953,4.1114,-3.4059,-4.7767,10.9162,-4.1271,5.6954
2.8053,5.9894,0.1471,-6.6095,1.1595,0.8319,-10.8475
-4.9288,-3.8408,-3.9207,-0.3905,0.9739,-4.2251,-9.075
-3.8783,-12.8568,2.9349,8.0726,1.4168,-4.2682,8.2141
10.3455,5.3749,8.3266,-9.7741,-0.6893,-2.3374,5.3504
8.1653,6.2378,5.9267,-7.6584,0.4842,-4.4121,3.8918
1.4488,5.7764,1.6149,-6.491,5.5694,2.7504,-8.6877
-4.3691,-9.839,4.6753,8.786,-0.3475,-5.3727,8.7383
-1.8675,-9.6028,4.8825,9.0561,0.0071,-4.834,9.4479
-3.3617,-9.5522,5.9163,8.0966,0.3281,-4.2844,7.7386
-1.7503,-5.9483,-6.4468,8.1051,6.5052,7.4463,-7.0631
-2.8554,-10.9835,4.1937,9.5005,0.9905,-4.3427,8.4024
-2.1133,-8.9243,6.2047,8.5913,-1.1114,-5.0709,7.634
9.3805,4.6308,8.3344,-7.7437,0.6193,-3.3214,6.4058
-3.8629,4.9154,-2.8854,-5.0285,10.1746,-4.5014,5.1774
-5.705,-2.3751,-3.9159,-1.3745,0.9771,-4.6387,-11.214
10.0857,7.3766,5.8428,-8.0419,-2.1348,-3.8989,7.8801
-3.7505,8.7361,6.0996,0.9374,7.5503,9.6989,-3.816
-4.9521,-2.9501,-2.2198,0.9452,1.4609,-3.8588,-9.8518
2.4441,4.6273,0.1129,-8.2943,4.0207,2.6835,-8.8932
-5.8279,-3.2229,-4.6645,0.3722,0.7926,-3.3889,-8.1716
-3.3738,4.3575,-2.7334,-4.9832,10.6981,-4.7107,4.7364
-1.4344,-6.4334,-4.9064,5.7863,7.1842,6.5154,-7.6715
-0.7808,-10.1691,3.8957,6.6671,-1.0459,-4.4928,9.9534
2.3283,6.0145,2.2511,-8.5918,2.629,3.0922,-8.6819
-3.3269,7.9855,6.3734,2.1455,6.4952,11.4104,-4.1442
0.063,4.9077,1.0806,-8.8113,4.5724,3.8959,-7.8509
11.0482,7.058,8.7939,-8.6126,-1.6514,-3.6543,6.1423
-1.9654,-10.0482,7.2641,6.9484,-1.1292,-3.3645,8.2075
10.53,6.3339,6.3881,-6.9967,-2.7041,-4.0113,5.4385
-5.4433,-2.9123,-2.1795,0.8267,1.7212,-3.3045,-8.5694
-2.5244,-9.4649,4.4324,7.5041,0.4005,-3.8703,7.7114
-2.2507,6.1677,7.1987,2.6422,6.9026,12.2207,-4.6
3.1393,5.9045,-0.0437,-7.7711,3.4508,2.3445,-7.7224
-2.6677,-9.6388,5.4926,8.379,-0.5163,-4.0357,5.9116
-1.1328,-9.1061,5.7522,5.9493,-0.6158,-4.2109,8.3479
-4.0764,-3.6938,-3.7606,0.697,0.6095,-5.4344,-10.6693
-3.1503,-8.6065,4.1101,7.3083,0.9396,-3.6507,8.1703
1.7447,5.6844,-1.0684,-8.738,4.1789,2.7657,-9.1036
-6.2156,-3.6019,-2.995,0.6533,1.2714,-3.9916,-9.7254
-1.8888,4.5544,-3.7777,-3.3006,8.7227,-4.7469,6.8465
-3.354,3.8345,-3.5792,-5.7684,9.7333,-5.615,7.2135
-2.1505,8.4164,6.6559,0.3156,7.1023,9.8324,-5.0029
9.0414,6.1905,7.6981,-8.742,-1.2132,-4.5741,6.4501
9.4619,4.7988,6.691,-7.5139,-0.9197,-2.4597,4.9008
-4.1361,-3.0677,-1.8223,2.0565,1.7092,-5.2918,-9.2331
-1.3435,-5.8391,-5.2187,6.3329,8.4048,6.6252,-7.1473
9.6639,5.8571,7.4376,-6.4675,-0.2376,-4.3583,3.9908
-1.9313,-8.4596,4.1808,9.5955,0.315,-5.2804,8.7125
-4.3102,4.3087,-5.6067,-6.2108,8.6952,-4.5621,6.7428
11.6935,5.2671,6.5457,-8.1622,-0.6907,-3.0262,5.6749
1.4825,6.2497,1.4388,-6.8116,2.3411,1.4324,-7.9425
-3.0932,-10.3003,3.6659,9.2278,-0.2984,-3.5489,7.8804
11.7249,5.6234,5.6659,-7.6659,0.7472,-4.0025,4.1582
-5.1073,-2.2672,-3.4333,0.3112,2.9725,-3.9269,-10.0198
10.8642,9.0342,5.9549,-7.7744,-0.3052,-3.9686,7.2025
-3.1274,2.2307,-6.1293,-5.4217,9.6098,-4.4683,5.8168
-1.9501,-10.0441,4.2203,8.7738,2.0626,-3.8604,7.1468
-1.41,-7.3135,-6.1231,6.3756,11.0882,6.7619,-6.3824
-0.1518,-4.3436,-6.3689,7.9885,8.7258,7.086,-8.1978
-5.6167,-1.7186,-2.3726,-0.1756,2.4845,-3.4935,-9.68
-4.2195,3.4294,-5.8026,-5.3764,10.3675,-5.2428,6.3327
-3.2413,-9.9882,2.8268,7.2172,-0.6694,-3.7853,9.1475
-1.4711,-5.4876,-6.4344,7.0194,6.4894,6.854,-7.4642
-4.3273,8.9042,7.6949,1.365,7.9916,11.5961,-4.2869
-3.4203,-2.2829,-3.9138,1.4647,-0.6016,-3.6723,-7.9294
-3.1432,8.1284,7.0479,0.2271,7.9401,9.2177,-4.6904
10.0277,6.5575,6.7139,-9.7447,-0.8755,-1.0464,7.066
-3.8835,2.9302,-4.0642,-5.4708,10.5435,-4.7807,4.5253
-2.5895,7.9352,7.6324,-0.1938,7.5055,9.0976,-5.8764
-1.482,8.2791,7.1869,1.7102,9.3444,10.6043,-5.8514
-3.367,7.486,8.3389,0.0831,8.5602,9.2687,-6.3038
-0.6389,-6.7854,-5.6757,7.0225,8.3908,7.8985,-6.7735
-4.6737,3.7274,-3.0649,-4.9774,9.1246,-5.2917,6.1151
-2.6827,8.2253,6.4533,1.8254,7.2059,8.2656,-3.3162
-1.3501,-9.9215,3.3296,7.1483,-0.5231,-5.8215,5.5406
-1.5247,6.4386,2.1798,-8.2286,4.1981,1.7889,-9.3278
-3.6327,4.8746,-4.5521,-4.5428,11.0044,-6.2807,7.3877
8.2318,6.3112,6.3744,-8.2507,-0.6663,-2.3241,4.2885
-4.0784,-4.2675,-2.5814,0.1834,1.0264,-3.8521,-9.8601
-4.9034,-2.0043,-4.143,0.9364,1.5054,-3.1165,-8.4492
-4.8017,-3.07,-5.1169,-0.3896,1.3516,-4.059,-8.6224
11.0568,5.5263,8.0829,-8.3557,-1.5841,-3.1544,6.45
-2.1977,-8.9468,3.1727,7.7134,-1.3161,-3.8508,7.6331
-3.1622,-10.0442,4.477,8.6041,-0.2919,-3.9304,8.7453
7.758,7.9953,6.5184,-8.0221,-2.0636,-1.8394,4.4784
-4.7169,-8.9109,4.6085,8.2914,-0.4283,-5.1043,6.1694
-5.1768,3.4955,-4.5702,-5.6431,10.3305,-3.9286,7.8271
-3.66,-13.1602,5.9895,8.4291,-0.3263,-3.6843,7.7221
2.4947,5.0538,0.5509,-7.5169,3.7403,4.904,-8.4132
-4.5814,-2.1349,-1.6933,0.1394,3.1878,-3.7325,-9.7679
-1.7222,7.4514,7.3105,1.0053,8.0648,10.6092,-3.8246
0.5388,5.5781,1.1807,-6.9317,4.3629,3.589,-8.1377
0.9652,5.0847,-0.6578,-7.5805,2.7987,3.4415,-8.3948
-7.163,-3.1073,-2.0172,-0.3806,1.5969,-4.5001,-9.3648
-1.306,7.2924,7.7055,0.7438,9.3815,8.9713,-4.0051
1.6908,5.1181,-1.2262,-7.6614,3.7217,2.2378,-7.8063
-2.2568,-8.9504,4.1186,8.0696,-0.2493,-4.1081,6.17
7.8953,6.1017,6.1796,-9.3789,-0.8554,-3.6968,6.0058
-1.3413,5.7403,7.7176,1.1673,9.3348,8.8414,-5.1168
-0.3573,-7.4592,-5.535,5.472,7.5919,7.5672,-7.6792
3.415,6.894,2.0741,-7.0499,3.5779,2.2841,-8.2247
-1.4824,-10.7518,3.298,8.5949,0.1283,-2.8019,8.3149
-1.5164,-10.5843,3.8749,7.176,0.7879,-4.3534,7.8497
8.326,6.2946,6.5556,-6.8441,0.9142,-2.9638,5.4751
-4.4498,-3.313,-2.6268,1.1392,0.6211,-3.4397,-7.7161
-2.4207,-9.4327,5.4803,8.0828,-1.2542,-2.5506,7.8465
0.6272,4.8541,-0.1868,-7.283,1.904,3.4534,-8.1832
9.9067,8.0136,6.9025,-7.2612,1.1554,-3.5382,6.3182
-3.6485,2.5949,-6.15,-6.1351,11.0223,-3.0417,7.1014
-6.3006,-3.9667,-2.3312,-1.6011,0.6435,-3.2006,-11.247
9.079,6.3235,5.9142,-7.4801,-0.2148,-5.1075,4.7269
3.2218,6.6302,-0.0877,-10.2745,3.3712,2.3313,-8.9574
-3.8515,3.8381,-5.2581,-4.7602,8.4955,-4.7334,6.3675
-4.6423,4.8137,-6.0611,-6.6835,9.5635,-4.9636,5.6948
7.5616,5.163,6.8595,-9.3487,-0.987,-2.7535,6.3959
-3.2601,3.3734,-5.8602,-5.306,9.3903,-6.5863,7.9537
9.6585,6.7953,8.6275,-9.1239,-1.6225,-3.712,5.6818
-0.7073,-5.6039,-7.091,7.8647,7.1464,6.228,-8.8516
-4.9632,-3.4757,-2.662,1.3364,0.3086,-3.4375,-11.0324
0.8094,4.5681,1.2615,-6.9166,3.3678,3.3816,-9.081
-2.1799,7.7532,8.1346,1.6427,6.1478,8.5245,-3.913
-2.013,7.2233,6.4035,1.0615,8.8277,11.1305,-4.0433
-3.5058,4.3334,-4.4904,-4.9244,10.625,-3.6277,7.859
-6.7944,-2.8228,-1.2813,2.1071,2.567,-6.5696,-8.7106
-4.7085,3.093,-3.1265,-5.6726,11.6188,-6.5908,6.6912
0.5426,7.2661,5.7031,1.1644,7.716,8.907,-2.2612
-3.6661,4.2241,-4.6971,-7.3245,10.5929,-4.0154,6.0726
-4.4315,-1.9205,-3.0722,-0.0639,1.217,-3.3323,-11.4544
-5.475,-3.8476,-2.8684,1.1577,0.9803,-3.8044,-10.2792
3.2917,3.7132,1.0019,-7.0094,2.7562,4.3109,-5.9347
-0.6205,-6.3602,-6.8151,7.9247,7.3223,5.1833,-6.9589
2.9004,6.0643,0.4868,-6.7521,2.7829,2.6295,-7.9116
-6.922,-1.9598,-3.8009,-0.6809,0.387,-4.2385,-10.109
10.9256,5.8436,7.4426,-8.5676,0.0913,-4.826,5.2324
-2.1443,-8.8422,4.8607,7.4079,-0.3904,-5.8906,7.3823
-1.7589,-6.1312,-4.176,5.0662,9.6952,6.7065,-8.1143
10.7321,5.0792,7.7787,-8.0912,0.7197,-2.9016,4.2814
-2.9565,-5.7094,-5.8468,6.3949,8.4469,6.8458,-7.7759
-4.1303,-0.9104,-2.7451,0.8852,1.3124,-2.3321,-10.3971
-2.6672,-10.4001,3.5144,8.8829,0.856,-3.6708,8.7941
-1.2683,8.2694,7.9495,0.9738,8.4176,10.4462,-3.6912
1.6163,5.9985,1.3369,-6.9784,1.9635,3.0801,-9.0138
-4.6011,-3.5034,-1.9106,-0.0462,0.5171,-3.8786,-8.8673
0.6371,6.1314,1.0577,-8.0147,3.994,4.492,-8.8112
-4.4411,3.8607,-3.6046,-5.0006,8.6184,-6.3444,7.0159
-0.0825,-5.7759,-8.1096,7.373,8.3274,6.0516,-5.5616
-5.5569,-3.0897,-2.6562,0.6319,1.2174,-4.001,-10.2477
-2.6356,6.3076,7.0132,-0.6416,7.0648,9.6604,-5.6537
-2.9473,-6.578,-5.5066,7.4514,7.4109,5.9831,-6.3645
-0.3712,8.3135,6.1382,1.9967,8.3126,9.7028,-3.738
0.9182,5.5008,1.5831,-8.8816,3.8352,2.9324,-9.3284
-2.4323,-6.1955,-6.677,7.9156,7.2785,7.8828,-7.3621
9.9773,6.7959,5.8941,-8.8349,-0.9903,-1.979,5.9377
-5.484,-4.4234,-3.2176,1.5749,0.9073,-4.1064,-8.6537
-2.5534,-7.8704,-5.9091,8.2346,9.0391,7.2658,-9.0983
-4.1586,-2.2137,-2.6771,2.0894,0.6567,-3.9373,-9.9135
4.0899,5.2692,0.6703,-6.4648,3.3478,3.5062,-7.8623
-2.2747,-9.6409,4.9125,7.933,0.9539,-4.4686,7.3572
-5.3185,-1.9293,-3.4512,0.4855,1.0025,-5.012,-9.5615
-2.3328,-10.6681,3.2797,6.9654,-0.5453,-2.4181,8.4987
-3.5394,3.1883,-4.3809,-3.9097,11.4282,-2.8539,4.458
8.2611,5.9964,6.9621,-8.3179,-1.5973,-3.2247,8.3527
3.4038,4.8713,1.2116,-7.501,1.5948,3.4875,-6.3146
1.0837,4.7196,0.9062,-7.2571,1.5647,3.2434,-8.3677
-4.3522,-4.7399,-2.8488,1.0863,0.254,-4.8553,-10.3466
1.2931,5.5092,2.6229,-7.1568,4.0586,1.6467,-7.264
-2.063,-6.1779,-6.0519,5.3581,7.3663,6.1184,-8.0291
-3.4738,-8.3054,4.2044,8.4165,0.9475,-3.4379,7.803
1.1296,4.4129,-0.1732,-8.1779,4.3813,1.0875,-9.7147
-4.3396,4.5322,-6.063,-5.6995,9.6395,-5.1173,7.4886
-2.1388,-5.4206,-6.8371,7.3372,7.7523,6.5769,-8.1418
10.2823,7.9905,6.5958,-9.6039,-0.0494,-3.3248,5.5329
2.946,3.5868,0.8044,-7.8825,2.4988,3.2503,-8.6927
-2.9458,5.6915,5.7818,2.0163,7.6059,8.9826,-6.194
-3.9783,6.735,5.9687,0.447,6.7398,10.3887,-7.1602
-4.5013,-3.8599,-2.0005,-0.691,1.9082,-6.0994,-8.3539
-4.1148,3.415,-3.9396,-6.7935,9.562,-7.0058,5.3753
-1.6183,8.2814,6.2436,2.0784,7.3927,10.3857,-4.1609
-4.6356,-2.9479,-2.677,1.6753,2.9827,-4.5396,-10.7988
-7.6081,-3.3903,-4.1433,0.1096,0.9831,-3.4169,-10.9168
-1.416,-5.2015,-7.388,6.3525,6.3544,6.1423,-8.6742
-2.8786,-7.608,-6.2805,7.5627,8.1742,6.3611,-8.0108
-1.3016,-6.5928,-7.7994,7.8531,8.6539,7.4172,-9.0786
-4.8815,-4.0967,-3.2174,0.4923,0.6037,-5.3786,-9.9051
0.2192,-10.7936,3.8762,8.288,1.112,-4.0506,7.8248
-3.8787,2.4502,-6.2972,-5.9122,10.0449,-4.7863,6.737
9.194,5.5369,5.8797,-9.7845,-0.899,-3.3896,3.7239
-5.06,7.9227,6.5573,1.0712,6.8739,9.5448,-5.8002
-4.9964,-4.0341,-3.7822,0.4732,2.1652,-4.7276,-8.7805
-2.6029,-10.9808,6.1382,8.6968,-0.2119,-4.2952,8.0947
10.3359,4.8449,8.2767,-7.3301,-0.6354,-2.8731,6.5386
1.8815,4.7975,0.137,-8.9403,3.5744,2.1188,-8.413
9.2669,6.086,6.1898,-7.6576,-0.6484,-1.0289,4.5654
-2.0604,4.6411,6.6899,1.3742,8.4773,8.1093,-5.1921
-3.0437,6.1877,7.7371,0.7924,7.5375,9.4899,-3.8874
-4.4407,2.6806,-3.0668,-5.6524,11.7177,-5.74,4.6036
-5.1874,-3.8051,-2.538,2.1209,1.1032,-5.4971,-9.7586
-2.1703,7.6479,6.6158,1.844,7.7017,9.8205,-4.4495
-4.1005,7.4824,6.5323,0.6805,7.1285,8.3352,-4.5677
9.0357,6.2368,6.7781,-8.5143,-0.8109,-3.0341,6.2222
-2.7837,3.2815,-5.2347,-4.0459,9.4248,-6.4314,4.8141
-0.3241,-10.5083,5.9248,6.126,-0.1474,-3.3068,8.2562
9.0624,4.9552,5.6176,-8.3101,-1.6848,-2.7555,5.9421
-4.4756,-2.6533,-3.4543,-0.4717,1.9429,-5.1661,-9.7024
-3.8827,-6.0271,-7.1266,8.7684,7.8861,7.8828,-8.7138
-1.3759,3.5689,-5.061,-5.8093,9.6069,-4.6263,6.07
-4.4948,7.1988,8.167,0.2839,7.9362,8.961,-4.5341
-4.3617,1.0138,-4.1456,-7.3209,10.1502,-8.246,6.8907
-5.1338,-4.2942,-0.4105,-1.065,0.4914,-5.5643,-9.204
-3.9821,4.3512,-3.5485,-5.2229,10.2354,-5.2405,8.0067
-2.6442,6.2191,6.3159,0.6178,6.8827,9.7217,-2.5861
-2.1556,-6.3354,-7.348,7.3842,6.9631,7.0717,-8.8775
-3.1802,5.5738,6.3697,2.5984,7.8724,9.6485,-5.2787
-5.518,-2.1897,-2.7207,2.4287,-0.641,-2.4669,-9.2016
7.8438,6.0021,6.7074,-8.2428,-1.3112,-4.0818,6.1263
-2.8541,-10.2275,6.1811,9.1516,1.567,-3.5614,9.0722
-4.2431,-3.2988,-3.7467,-0.0772,2.4655,-3.8093,-9.412
2.1793,3.482,-0.1407,-7.3012,3.8878,1.2934,-9.1624
-2.8882,6.8877,6.327,0.6829,7.3653,9.8217,-4.5659
-3.9875,3.1109,-4.9633,-5.2995,10.3517,-7.6024,7.5687
-6.2715,-3.1088,-3.1446,0.7042,2.184,-3.1762,-9.3814
2.1064,5.5601,0.2592,-8.9031,3.1557,4.8383,-6.9796
-2.3947,-8.1387,4.1288,9.1846,0.0943,-3.9335,8.0963
-4.8525,-3.6835,-4.5245,0.6604,1.0703,-4.1844,-8.2501
-1.3329,-10.5376,3.0948,7.1992,0.3643,-3.8345,7.834
9.4212,6.7985,6.5752,-8.8335,-1.961,-2.4378,3.6766
-1.8787,7.0091,6.9006,-0.1413,8.8949,8.785,-5.2976
8.8165,8.1041,5.7445,-5.6583,-1.1262,-4.5263,5.2345
-1.4657,-5.774,-6.6928,6.9575,8.3431,5.9476,-7.8169
1.8938,4.6494,1.2204,-9.0073,2.7969,2.2513,-8.5182
-0.2181,5.4158,0.0438,-7.0604,3.7354,2.3649,-7.8231
-5.6426,-1.2364,-1.2581,0.9377,1.565,-4.1369,-11.0875
9.1003,7.0413,6.7463,-7.2594,-1.9243,-3.273,5.739
-1.8401,-10.4116,5.7272,8.4589,-1.1359,-4.9091,7.1568
7.5779,5.6033,8.1017,-7.0057,-1.708,-3.0273,6.7589
-1.2682,-9.1647,5.9318,9.1913,-0.9486,-3.9796,8.0872
-4.1972,-2.4785,-3.4227,0.675,0.2729,-5.5949,-9.8463
-1.4196,-6.7502,-7.177,8.084,7.1835,6.5452,-8.0457
1.252,4.8022,1.5786,-8.3641,3.2361,3.1145,-9.054
-6.1112,-2.0693,-3.6373,0.307,2.8872,-2.9861,-10.4682
-3.3209,2.8923,-3.6168,-6.5262,9.3631,-3.732,6.7062
-4.2851,4.1258,-5.156,-5.8643,10.1848,-6.8595,5.4968
-2.5101,7.7218,5.5784,2.6074,8.9456,9.272,-4.9322
-2.8533,-8.7568,4.8059,8.4629,1.4456,-1.4753,8.3206
-1.8447,3.9968,-4.2747,-6.2131,9.2746,-6.1306,4.4513
-3.0259,-10.8068,4.9816,8.9394,0.4679,-3.3445,7.8951
-2.5313,-6.4439,-5.8397,6.0482,9.0712,7.607,-9.8322
-3.7983,-3.5146,-1.4887,1.5698,1.6967,-4.2873,-9.0643
7.8953,6.1865,7.2033,-7.7778,-0.337,-2.6772,6.0778
-1.0889,-10.0971,2.8962,6.4643,-1.4165,-4.2245,8.4485
-4.2302,4.953,-5.6134,-5.199,7.3221,-3.8872,6.044
10.3044,5.2559,6.103,-9.1709,-0.0707,-2.7343,4.7382
-3.296,4.8167,-4.5145,-4.9905,8.7879,-6.1141,4.5013
0.6995,-6.4754,-7.3528,6.8184,7.9456,6.2356,-7.1464
-1.0777,-6.241,-7.284,8.0175,7.9622,6.8281,-9.5244
-3.2415,7.44,7.0404,-1.0705,8.3649,8.5162,-4.6305
-1.881,7.2866,4.8767,-0.0176,6.8355,7.8769,-3.7143
0.4731,5.5024,0.0339,-5.5786,3.7925,2.81,-11.2614
9.8834,6.219,7.3799,-8.7396,-1.6251,-4.9873,5.9773
8.8052,5.7363,5.0568,-10.6645,-1.7673,-4.5898,5.4772
-1.5309,-8.4873,2.901,7.7942,-0.8236,-4.2451,7.71
-2.6528,6.8722,9.4477,0.5373,8.2863,8.0698,-4.0938
-4.0467,-9.1894,4.4994,9.6572,1.8499,-3.1595,7.7411
-1.016,7.631,4.9308,1.234,8.789,9.4308,-5.6616
-2.5698,-5.1065,-5.7703,7.2055,8.3648,5.8331,-6.9851
-1.9987,-9.9734,5.8006,8.9695,2.0187,-4.2314,8.8576
1.5074,5.5449,1.1899,-6.4149,3.6608,3.1161,-7.7215
2.009,5.5383,2.1108,-7.9038,2.1074,2.1833,-8.1229
9.5613,4.6093,7.398,-9.6454,-1.5743,-4.0009,5.4264
-2.881,6.896,8.243,0.1755,7.1827,7.8386,-4.8822
-2.6703,-10.4886,6.0589,7.3756,0.35,-4.3789,9.1686
-1.7469,6.1275,7.2624,2.5708,7.3884,9.807,-3.7711
7.621,5.981,6.8622,-8.437,-0.9983,-4.5322,4.9742
-2.4849,-4.9234,-6.4008,7.8633,7.4152,6.5272,-8.442
-3.3489,-11.2164,5.405,10.2548,0.4331,-3.1191,8.2967
-4.7305,-2.4851,-3.5362,0.1951,0.6286,-5.4562,-9.55
-2.9612,7.8853,5.7027,-0.1896,6.8866,9.1059,-4.9484
2.2169,6.4331,0.4531,-7.0951,5.6553,3.0457,-7.5142
-4.941,-4.3066,-0.9189,1.7304,1.7656,-3.4868,-9.985
-1.2802,-7.0217,-6.215,5.7815,8.3754,7.4792,-8.9715
-4.7461,7.6124,7.1057,0.6268,8.4316,9.2022,-3.7238
-2.1128,-10.931,5.2609,7.7221,-1.6546,-4.8784,7.6869
-5.3051,-3.0066,-3.7135,1.8537,1.2312,-4.131,-10.8309
-4.9666,-3.7484,-4.1925,1.9477,1.5031,-4.3168,-10.5164
-1.1065,-6.6204,-6.6953,5.6731,7.1753,5.9803,-7.9921
-4.356,-4.0081,-3.6557,-0.2004,1.1687,-4.6342,-10.0706
0.5304,4.5829,0.903,-7.4766,4.7097,1.4575,-8.0806
-3.6865,5.1562,-5.254,-6.9334,8.3636,-3.8882,6.3105
-3.8661,7.2343,6.1274,2.8345,7.09,9.1501,-5.0285
-1.5817,-5.2517,-5.7062,6.6455,6.694,6.0715,-6.3026
-2.8972,7.2987,6.8185,-0.8529,6.8274,9.5306,-5.8123
-1.7472,6.1646,6.7769,1.1322,7.0451,11.1268,-4.5246
-3.4348,-10.3888,4.9371,7.33,0.1596,-3.1278,8.5288
2.7384,4.5364,-0.8463,-7.5643,2.7741,0.0673,-8.0246
-6.3329,-3.6778,-3.1404,-1.2371,-0.2202,-3.6546,-9.2915
8.7233,6.0979,7.0414,-9.393,-0.6799,-4.0786,6.6535
-3.2865,6.1747,6.8559,2.2525,6.4662,9.4933,-3.7318
-1.9663,-10.7894,2.7283,7.653,-0.3141,-5.3365,7.9642
-1.4343,-8.9921,3.9315,5.5706,-0.5383,-4.6915,7.4766
-5.8232,4.203,-3.7939,-5.4845,9.2514,-4.9007,7.02
-4.1075,5.0165,-5.5009,-6.7472,8.8145,-4.2458,4.1788
-2.5902,-11.8257,5.5123,7.9502,0.184,-3.3214,9.3207
-3.7817,6.6332,6.2474,1.9433,7.3552,9.7256,-5.1249
9.16,6.4887,4.9229,-5.8896,-2.3653,-3.3843,5.5809
-3.5912,1.0256,-5.4433,-5.4772,10.2271,-5.6752,5.0059
-3.5637,-9.4783,4.6977,6.2259,-1.1368,-4.6341,6.2387
-4.1143,-10.4469,4.307,8.6444,0.3368,-3.7639,8.6832
-3.1523,3.0262,-4.3658,-6.2155,10.5527,-5.5698,7.0458
-0.6981,-10.3075,3.6172,7.793,-0.4669,-4.2606,8.2657
-3.8701,-10.4354,4.4878,7.214,-0.0513,-4.0556,4.5603
-2.4914,8.2873,5.1002,0.3855,5.4446,9.0255,-3.4506
8.5071,7.878,7.5326,-8.2148,-0.5105,-1.7159,4.902
-4.3247,-1.9607,-4.1315,1.6133,2.0762,-4.2703,-7.9901
-0.6085,6.5344,-0.6231,-7.3291,3.8686,2.7714,-7.7939
-4.2793,-3.4714,-3.3731,-0.6543,0.0048,-6.2935,-9.6975
-2.3175,5.6533,6.8358,2.9271,5.6541,9.4742,-4.8375
-3.774,-9.6181,4.0687,8.4774,0.11,-4.056,8.6641
-0.1016,-6.3396,-5.3162,7.0162,8.4913,5.3062,-8.5464
-4.1501,4.1571,-5.0628,-5.4024,9.5939,-5.4196,7.1291
-3.2987,-6.5751,-7.6735,6.8829,7.0248,6.2153,-9.4673
8.0044,6.7273,8.4142,-9.4869,-1.2717,-2.2943,6.7439
-5.1648,-4.1693,-3.3043,2.2164,0.9425,-4.8117,-8.719
9.5485,6.2363,7.2568,-9.2156,-0.2184,-2.4133,6.96
-0.6929,-11.2905,3.8443,7.0029,-1.7742,-3.1454,10.3414
-2.9028,8.408,7.3812,1.5781,9.9714,9.7286,-5.4331
-3.4929,7.98,7.5347,1.0355,8.3487,9.8127,-4.4354
1.1039,5.7574,1.7805,-8.5317,5.1358,1.1193,-7.2137
1.545,3.8399,-0.2771,-6.0042,4.2067,1.5928,-6.4985
-1.3999,-12.331,5.3289,7.4093,0.7701,-4.2428,7.5235
3.154,6.4145,-0.6139,-7.2082,4.8423,3.1158,-10.3594
4.3171,5.0311,1.2621,-9.5488,2.6711,3.0269,-7.0603
-4.9261,5.2083,-5.3347,-5.4932,10.1838,-5.5847,6.4828
-2.3169,7.1763,7.1267,0.6113,7.6444,9.1331,-5.4852
-3.2644,3.9687,-6.182,-6.3007,7.1583,-5.5917,5.8548
2.6209,5.9609,0.7834,-7.0013,5.4228,2.6822,-9.2594
-2.1365,7.2598,6.1348,2.7163,6.1658,8.1507,-5.5623
3.0955,3.6406,1.8761,-8.0519,2.6059,3.3389,-6.4116
-4.2095,3.7166,-4.6673,-6.8989,9.9513,-3.4001,5.1405
-0.2037,5.9949,0.931,-8.332,3.935,3.3333,-9.0906
-5.5207,-2.7015,-2.6335,-1.9039,1.7655,-4.3358,-7.2629
8.7471,5.3325,5.1644,-8.9711,-1.6911,-3.271,5.4369
-3.3034,5.3072,-5.656,-4.3733,9.312,-5.6077,4.6625
-2.6771,-11.4681,3.5209,6.9716,1.2604,-3.5939,8.3897
-4.1005,-1.0541,-2.9897,0.1747,1.4729,-2.3376,-9.9479
8.0668,8.4269,6.7558,-7.1129,-2.5904,-6.4109,5.1617
-0.1128,-7.7966,-5.6923,8.8488,5.3354,7.3098,-7.5253
-5.5535,4.4357,-4.2715,-3.0882,8.4673,-6.9419,4.3251
7.3173,6.8477,6.4591,-7.625,-2.8288,-2.2463,6.7419
-3.0489,8.0502,5.8641,1.954,8.6743,10.5694,-2.6111
-4.2826,2.8633,-4.3635,-4.4865,8.7292,-6.1485,4.707
3.1242,4.8397,-0.3282,-7.9896,5.5733,3.0278,-8.4534
-2.489,-9.764,5.5374,9.3883,0.0268,-3.8174,6.5888
9.4491,6.4902,8.1016,-7.3875,-0.2359,-2.0993,6.6981
-2.103,-7.2085,-6.2077,6.2746,6.9426,5.6234,-8.3791
-0.8283,-9.0158,3.0926,8.4062,0.2132,-3.0557,7.2334
-3.7826,3.866,-5.3234,-6.6425,9.2474,-6.0186,3.8975
8.6992,5.4339,7.3741,-7.4903,-1.9134,-2.5016,5.5839
-3.0579,-10.0335,3.34,7.9895,0.5052,-4.4013,7.5891
-5.124,-1.8809,-4.0438,-0.6726,2.392,-2.9699,-9.8892
-2.1538,-8.9605,4.1232,7.2081,-0.3861,-4.3187,6.2589
-1.8362,3.5911,-3.3639,-5.794,9.5451,-5.4475,6.8878
-2.8608,-9.3982,5.3417,8.6926,-0.6919,-3.4823,9.5242
-5.4192,-3.0469,-3.5835,2.5566,-0.7487,-4.5478,-10.0495
-1.5288,3.0417,-4.368,-5.5578,9.6947,-6.7273,5.639
-5.1252,-3.7059,-2.4775,0.2077,1.5707,-2.9824,-9.1983
0.6228,5.8543,1.5095,-8.7353,2.2151,3.0393,-8.2869
-5.8449,-3.4776,-4.0206,-0.2328,1.0619,-3.3053,-10.0034
1.6131,4.646,1.6255,-8.3714,3.5274,2.7612,-7.8211
3.9757,3.8352,0.0102,-6.9821,2.8943,1.3344,-8.3127
-6.8286,-1.6687,-2.957,1.407,-0.1142,-3.529,-10.7441
-3.4279,2.1789,-4.7712,-5.7111,8.4544,-6.6686,8.1538
2.3217,5.5963,1.1759,-7.1908,2.7871,2.2868,-7.4567
1.066,3.4737,0.2178,-6.8178,3.9534,2.2466,-8.138
-1.8544,7.5551,7.558,2.4311,7.8313,9.6005,-3.0246
-3.3805,7.2876,5.9983,1.4743,6.4421,9.486,-5.5277
-4.4281,-3.2848,-2.0123,-0.9222,2.1664,-4.6699,-10.9937
8.2895,6.4176,7.0667,-8.211,-0.5545,-3.0547,5.0376
-1.3612,-11.7073,6.6563,7.87,-0.6125,-2.9211,8.313
-1.8686,-5.4103,-8.162,7.4211,6.7819,5.1129,-7.8662
-0.9629,-10.4501,3.0778,7.5564,0.0813,-4.7427,8.267
-5.0397,-3.9317,-2.9462,1.7203,1.7658,-3.9137,-9.6682
8.5035,6.8185,6.8649,-7.9745,-1.9791,-2.3979,5.5745
-4.4273,-11.8066,4.1068,7.6732,-0.4101,-4.1584,7.2026
-5.3822,-3.3421,-3.6127,0.0413,0.7453,-2.8116,-8.7209
-3.5021,-2.8386,-3.01,1.2735,-0.1813,-5.0069,-9.5909
7.5264,5.7529,7.6978,-8.6349,1.5869,-3.3213,5.2107
-3.4644,5.0726,-5.4392,-4.8685,10.0333,-3.9368,5.2356
-1.8526,-5.3331,-6.545,7.9072,6.0595,6.9053,-7.8007
-5.609,3.0692,-4.9727,-6.0289,8.7892,-3.7651,6.3165