-2.477,-7.8759,-6.4542,0.2389,-3.2143,-0.2112,-2.1709
-3.1024,-7.3689,-5.0577,0.0801,-3.7824,0.3796,-4.1465
-1.7033,-7.899,-4.9335,-3.3624,-3.288,1.5892,-3.221
-8.9182,-8.44,2.67,-4.3755,6.7541,-7.9765,-9.2065
-6.8079,-1.9451,-0.4335,-7.3138,-4.0477,-3.6696,-6.3279
-4.648,2.1248,1.7875,-4.0972,-5.4184,-4.3958,5.767
4.0251,0.3864,1.2341,-0.6773,8.3726,-7.0652,2.2891
-2.6451,-10.3274,2.4611,8.7782,2.9714,6.0263,5.8133
-4.0114,-10.6796,-4.9138,-0.448,-4.6778,-0.382,-4.2018
-1.2726,-7.7476,-5.6302,-2.2127,-3.7359,1.4221,-4.6943
-2.9306,7.5436,-3.5606,-0.8691,0.7432,-5.6801,8.2426
-10.0741,-4.9468,3.2893,-3.0283,2.5322,-3.7653,-2.5085
-2.408,8.3827,-5.0196,0.3563,2.3413,-5.6141,7.8768
-7.9585,-6.6844,3.8055,-2.6551,6.3154,-5.9842,-8.9966
6.43,1.5921,-0.4588,1.944,-2.4007,-5.6327,0.9782
3.4713,0.6287,-1.4798,2.6271,-2.0003,-4.6439,2.534
3.7133,0.5986,-1.3995,2.0526,-1.1683,-5.3538,4.2443
-1.6202,6.1208,-2.5098,-1.3245,0.7462,-6.9395,7.2907
-7.1498,-1.5171,0.6085,-8.4401,-4.2036,-3.3205,-4.129
-8.4191,-3.2601,-0.7756,-6.8881,-4.1759,-2.7173,-7.4621
3.4741,2.0554,0.6622,-0.3389,10.553,-6.0656,2.1425
-8.7234,-6.8006,4.4119,-5.0408,6.7747,-6.4754,-7.8327
-8.6263,-7.1332,4.4639,-4.7476,6.6275,-7.2943,-5.2922
-9.5401,-5.0161,2.4432,-1.6515,5.0488,-2.4321,-1.7359
-10.7695,-5.8324,1.8693,-0.0942,5.0074,-2.3623,-3.28
-5.5203,-8.5937,0.5545,6.2014,5.7773,4.4644,-2.0291
-8.5015,-5.2162,3.0383,-4.1395,4.033,-3.1232,0.0164
-3.5076,-9.2336,-5.19,-0.1405,-3.9688,1.5939,-2.6713
-3.2819,-8.7702,-7.3488,0.0166,-2.4943,2.6942,-3.7195
-5.5859,3.0244,0.7897,-4.2851,-6.5875,-3.4286,6.4564
4.6057,2.2761,2.1329,-1.7132,8.1303,-6.2373,1.335
-4.1542,3.5596,1.3562,-5.4875,-5.3169,-4.6563,7.3345
-4.9903,3.2784,2.3648,-4.2515,-5.0855,-3.7999,7.1971
5.5814,2.3254,-0.7864,2.1274,-1.1768,-6.2374,-0.0206
-4.2595,1.7839,3.8776,-3.9444,-5.8772,-3.074,7.9156
-4.0194,7.2028,-2.9967,0.7575,-0.4852,-6.6487,8.1591
6.1184,-5.8354,-10.0804,4.5812,1.8124,-5.2424,-6.7703
5.6479,1.1424,-1.2241,2.6222,-3.3121,-2.3909,2.1749
-3.3718,5.4908,-3.348,-1.8805,2.4177,-5.3662,7.9474
-2.4894,-8.6864,-5.7309,0.6039,-3.025,0.8189,-2.5834
5.204,0.6581,-0.1876,0.8949,-1.309,-2.9136,4.4139
-9.2148,-4.9206,4.5106,-3.5753,3.2923,-1.3501,-1.207
-9.7485,-4.4519,2.1661,-1.9462,4.9518,-1.0145,-1.4598
-1.7645,-8.9021,-6.7077,-0.4756,-4.6419,1.2681,-3.1376
-8.0036,-6.0593,2.6009,-3.4658,7.3654,-6.8756,-8.4542
-3.9514,-9.5645,4.2453,8.4843,4.3311,5.0968,5.3236
6.4508,-6.4961,-9.7829,1.7175,3.4029,-4.3332,-3.5154
-8.9388,-6.7445,3.6639,-5.2742,6.5795,-7.3729,-8.3854
3.9032,1.9395,-0.7442,1.4747,-1.8573,-4.6334,2.1545
-7.2206,-1.9675,0.2277,-6.2268,-4.7653,0.0964,-6.037
-2.6877,7.5387,-3.832,0.9272,2.6346,-6.8548,8.2756
5.9354,1.074,3.3358,-1.9985,8.197,-6.9539,1.7812
5.6805,-7.7592,-5.5155,-0.7874,-0.5262,-7.8346,-3.7637
-6.5069,-5.1066,4.8269,-4.023,6.6789,-8.1633,-6.3729
5.3744,-9.9548,-1.6197,5.3406,-0.7361,-4.6931,9.7152
5.2045,1.0003,-1.2907,2.9405,-0.9824,-3.7759,2.1667
5.6053,-9.4876,-1.3196,5.7955,0.0003,-5.2763,8.3373
-8.0956,-4.7241,4.7103,-2.2317,5.812,-2.7422,-0.6858
6.3556,-6.304,-3.6721,-1.1667,1.5499,-8.267,-5.083
-3.8504,-7.6067,-0.2339,7.8973,7.1721,5.0793,-1.0821
6.1799,-4.1545,-7.1139,2.3268,3.9876,-5.8301,-3.4083
-8.2922,-6.2604,3.4382,-4.1047,6.9518,-8.1025,-8.8802
-1.4407,-10.1594,-2.4459,0.4355,-3.7219,1.6956,-4.2166
6.8674,-9.8321,-0.3469,3.43,-0.7313,-7.0497,7.2438
-9.1051,-3.784,5.1428,-2.5152,5.9339,-2.0697,-3.2089
-2.31,-8.0053,-4.1614,-0.6081,-2.8361,2.3202,-3.5273
-6.0729,2.5088,2.494,-5.1661,-7.192,-5.2155,8.011
5.9864,-5.2615,-8.8484,2.0998,4.0033,-6.2368,-3.7526
-11.6435,-3.6923,4.3856,-0.8612,3.6977,-2.1124,-0.9245
-8.6074,-5.5978,3.3523,-4.253,7.848,-7.653,-9.0735
-5.9832,-3.8176,2.6838,-5.2617,-3.3581,-1.5644,-7.4191
-2.4006,-9.6146,-3.424,-2.5248,-1.0752,0.801,-1.7343
-10.9781,-4.118,3.7681,-3.3263,4.7469,-2.905,-0.1502
5.0427,1.2368,2.2389,0.9301,-2.3981,-4.8173,0.4575
-7.2413,-7.6196,2.7463,-4.461,8.1965,-9.23,-9.9791
-2.6251,-9.4694,-2.4967,-1.0383,-1.5953,1.5838,-4.74
-7.9121,-1.8478,0.2309,-6.8904,-4.1169,-0.6917,-6.7984
4.7376,-0.1697,0.4096,1.7239,-2.9149,-5.6599,2.5029
3.8635,-6.7956,-4.5408,4.6033,-0.5076,-3.2048,9.6025
4.8134,1.3852,0.123,-3.5677,8.4592,-6.8941,1.5042
-8.9946,-4.8406,5.1093,-3.9397,4.5957,-2.3106,-1.2352
5.7256,-9.2437,-2.8988,2.4287,0.1546,-5.1803,10.4187
-2.1088,8.6366,-4.455,-1.3694,0.7491,-6.0924,6.7326
-3.0409,6.4103,-2.1316,0.7473,0.9351,-5.6141,8.1705
-5.2059,2.2714,2.8606,-2.7572,-4.906,-3.6588,6.9725
-3.381,7.8569,-1.3425,-0.0878,0.3437,-5.9154,7.0533
-2.6434,-7.6399,-6.733,-0.9217,-3.0425,0.182,-3.505
5.7094,1.1807,0.8424,-2.9414,8.62,-8.1537,2.6074
-8.5979,-2.8184,1.5424,-6.6478,-4.0685,-3.7433,-6.6051
-8.5434,-5.4902,3.2304,-2.5641,7.4554,-8.1561,-6.9619
-4.0131,-9.1445,1.8483,9.1872,3.7829,4.5119,7.2105
-7.3188,-2.4794,0.2455,-7.4774,-4.8632,-2.0771,-5.71
-8.7902,-1.4684,0.2637,-8.4848,-1.9268,-1.6279,-7.2816
-5.1287,6.7439,-4.6182,-0.0107,1.5181,-6.703,7.2767
-5.5237,3.1571,1.8933,-4.4993,-5.9886,-5.1683,4.9375
7.0336,-9.4607,-1.2138,5.3878,-0.7109,-6.426,9.8699
-10.2916,-4.3781,4.6229,-0.4993,5.1342,-3.2199,-1.2126
-3.7536,-11.402,-2.7106,8.6263,6.1012,4.7717,-2.0737
-8.7248,-5.5315,5.0559,-3.5543,9.2483,-7.8262,-7.978
-7.8764,-5.6995,3.1757,-5.3275,6.448,-5.9881,-7.6455
-4.1683,-8.1925,-1.174,6.827,5.2833,4.8179,-2.6435
-5.0981,-9.1488,1.4752,10.5359,4.7311,5.1654,5.5824
-5.8689,2.6467,3.8953,-4.6165,-6.995,-3.0075,7.3759
-0.7081,-8.2381,-4.6764,-0.8315,-4.1198,0.8584,-4.6416
5.0541,-6.6507,-9.2171,4.4209,0.2143,-3.1142,-5.7322
-3.663,6.077,-5.3863,-2.2505,3.4743,-5.707,7.2223
7.6358,1.6682,-0.6129,-2.0151,9.2891,-4.9278,3.3438
-9.9636,-4.2392,3.3838,-2.9446,3.8402,-1.3166,-1.431
-4.0558,-10.3779,4.032,8.4072,1.9046,7.9026,7.6572
6.2908,-6.1194,-9.0947,0.8917,2.9699,-4.2369,-3.1431
-8.3209,-1.8573,1.3297,-7.7918,-5.5824,-1.0943,-6.6094
-3.4434,7.3342,-3.0909,-0.5563,2.1695,-6.4265,7.3258
3.137,1.9705,-0.6259,1.7815,-0.3301,-4.7625,2.2556
-5.8157,1.8703,2.4413,-3.4403,-4.9056,-5.4663,5.7934
-9.8559,-4.6414,2.9403,-2.5423,5.7991,-4.0439,-2.1836
3.4372,2.6763,-1.5896,3.4588,-1.853,-5.7753,2.3482
3.768,1.2958,-1.7259,1.3531,-3.5604,-3.9751,2.1698
-5.7032,8.0262,-3.1711,0.3183,0.6078,-6.835,7.7789
-3.5476,-10.0404,2.5873,8.7916,2.5896,6.0846,6.697
-2.8681,6.2434,-2.7314,-0.0954,1.6736,-5.7787,8.7026
4.7581,-4.1361,-8.8426,1.5872,4.822,-5.0644,-5.4515
-4.3265,-11.5697,-0.0017,6.0536,5.6988,5.9331,-2.0873
5.7485,-4.748,-10.1582,2.5368,2.4193,-6.312,-3.7954
6.867,-4.3202,-5.9774,2.8611,2.9556,-5.3434,-4.6633
6.9335,-8.8982,-3.6285,-2.8009,0.1711,-9.0571,-6.2159
-2.9857,6.085,-5.2906,0.7788,2.2274,-6.9727,7.857
-8.3603,-6.087,3.3741,-5.8439,7.9055,-8.4493,-6.8127
7.3472,-8.3274,-0.8519,2.8854,-1.7616,-6.434,9.1924
4.9987,-7.4214,-3.0237,-0.9619,0.6544,-6.8475,-7.4572
-8.9793,-4.0389,3.5074,-3.1819,3.2446,-2.2403,-0.0743
-9.82,-4.6472,3.8228,-2.9522,3.6284,-2.9646,-2.3824
-10.7571,-4.9329,4.386,-3.759,5.24,-2.6258,-0.3461
-4.1759,-9.0281,-0.6178,4.5864,6.8419,4.6547,-1.354
3.9715,0.907,-2.0554,1.9284,-1.634,-2.1262,2.954
6.3441,-0.0449,2.3909,-3.9668,8.8585,-7.3323,2.1394
-3.7911,-9.4482,3.1537,7.7178,3.1579,5.7372,6.7563
-8.3307,-6.3319,4.6968,-5.9216,7.6913,-6.5311,-6.5634
-5.4784,2.6039,2.9467,-4.5562,-5.7204,-5.2849,5.5469
6.2279,-9.0815,-2.946,-0.7642,-1.5457,-8.6653,-5.4643
5.2069,-5.9234,-11.3114,2.0599,3.8622,-5.5608,-4.722
3.7015,-6.5994,-8.1087,2.8589,1.2533,-5.3216,-2.8461
-5.8579,-8.0752,-0.246,7.4019,4.7277,5.3882,-3.7949
-4.4379,-8.1392,-0.0879,7.5418,6.0937,5.5325,-4.5497
-4.612,-9.6278,-0.8095,7.1001,6.7354,5.4348,-2.9314
-7.1311,-3.6505,0.8881,-7.624,-5.5406,-3.1596,-7.1692
6.4618,-9.0101,0.1307,3.0125,-1.0304,-5.1175,10.9328
4.2394,0.2215,-2.0731,2.8429,-1.7901,-5.2426,2.2806
-5.9121,-3.6092,2.0196,-7.7274,-3.6301,0.4437,-6.1776
-3.5722,2.9007,5.1484,-5.5544,-6.5318,-4.8341,7.0725
6.4062,-6.0299,-10.0867,1.1882,2.5231,-3.088,-4.7581
-2.5289,-9.6642,-3.8068,-1.2862,-3.6832,3.6442,-5.1201
-5.4953,-9.7753,-1.4849,7.9896,6.5359,5.6508,-1.6362
-8.2304,-5.1945,4.2107,-3.6263,6.6017,-6.5094,-7.6219
6.7429,-4.8282,-10.4872,2.4096,1.5863,-3.9533,-3.8133
-4.8485,-10.3428,-1.3119,4.7858,7.2352,5.266,-1.5915
-8.1865,-5.9678,3.5529,-4.1492,7.0797,-7.3185,-7.9157
-3.367,-8.194,-6.8561,-1.2549,-4.4218,-0.5498,-4.8392
5.3781,-10.1091,-0.6349,2.731,-1.1505,-6.5806,9.1454
-8.5796,-2.5414,1.3257,-8.2577,-3.4863,-2.2305,-5.9464
-3.6712,-8.4191,2.9226,8.3865,2.4009,6.8816,6.2386
-11.0432,-3.2538,2.8153,-2.4966,3.4124,-3.8679,-2.5393
6.7071,-5.2414,-9.9288,1.0099,2.8789,-4.0074,-4.8896
6.5945,-9.2398,0.2531,4.1131,-1.6693,-6.9173,9.6014
-6.0318,-9.9645,-0.0877,9.0703,1.4002,5.251,4.763
6.8268,-4.9113,-11.1834,1.1701,2.7644,-6.2782,-4.1147
3.8031,1.5639,-2.6339,-0.0411,-0.8818,-3.1878,3.0679
-8.1628,-3.4925,0.2655,-6.5606,-4.9323,-2.4683,-6.3032
-5.1499,-8.6432,0.4197,8.142,5.7085,6.3205,-2.3522
-9.1886,-4.092,1.9202,-6.712,-5.9354,-2.7329,-6.1445
-2.165,-9.9015,-5.5826,-1.3254,-3.7816,2.6704,-3.6403
-3.454,6.4664,-3.2358,-0.751,-0.1556,-7.5191,7.9869
5.4962,-0.4332,0.1747,-1.5155,10.58,-6.2003,2.2484
5.6856,-7.2959,-4.4002,-2.192,0.8845,-7.8057,-5.2386
-4.9192,-8.0318,1.377,6.0511,5.7738,6.0575,-0.3628
-4.0303,-8.9046,0.7138,7.1528,6.3065,5.0838,-2.6429
5.3717,-6.053,-8.408,1.0938,1.0677,-6.2303,-3.7192
-5.0723,-9.3165,-0.8097,6.6766,7.394,5.6146,-0.9752
-4.7952,-9.3415,3.3372,6.79,1.7775,6.8689,6.6279
-2.2425,-8.61,-4.8264,-0.9864,-4.36,0.934,-4.9049
-5.5401,2.6804,1.834,-4.5741,-6.5301,-5.0239,6.2289
-5.5158,1.0342,2.4847,-5.9198,-3.8074,-4.2323,6.8666
-8.4898,-3.9289,1.2329,-7.6743,-3.7829,-2.139,-6.164
6.6094,0.4059,1.9161,-1.6526,8.1961,-6.9004,0.8064
3.7835,0.6471,-0.8738,1.8945,-4.4284,-4.8179,1.6184
-3.3642,-9.8493,2.7339,7.7615,2.5654,7.6294,5.8198
-3.6665,-9.4518,1.3653,9.0133,3.7514,6.8832,4.1807
5.1437,0.6724,-0.3251,1.244,-1.7992,-3.4886,3.3388
4.3176,-4.7635,-4.1108,-1.4919,1.1972,-6.2403,-6.4894
-3.1584,-8.2941,1.6639,8.0238,2.4356,6.645,5.8357
-4.4542,-8.7744,2.7017,9.7419,2.1277,7.8912,4.4201
7.1856,-9.9822,-0.0648,3.6731,-1.7836,-4.71,9.4174
-2.6923,-9.3854,-3.9864,-0.9295,-5.0991,2.0569,-4.7145
4.9706,0.4528,0.7375,-4.0908,9.852,-9.8056,3.0222
-8.2328,-2.3166,-0.326,-7.6937,-4.0425,-1.9581,-7.5442
7.5698,-7.6084,-5.6308,-1.505,-0.0942,-7.6721,-5.685
-9.0329,-5.9824,4.4057,-2.1492,4.0657,-2.0062,-1.0988
-10.4807,-1.7575,2.7583,-6.9113,-6.3006,-1.576,-5.2601
-4.0428,-10.2019,0.2272,5.8532,7.1704,4.5678,-3.344
-3.3992,-10.2363,-4.4806,-0.7798,-4.9268,0.4714,-2.8117
-5.8571,2.7129,3.9669,-4.331,-6.4103,-3.788,6.9336
-2.4059,-9.0168,-5.3091,-1.9799,-2.1191,1.4474,-4.3951
-4.3818,-9.2745,2.5308,9.9743,2.8688,7.4109,6.7234
-9.5941,-5.4313,5.1473,-2.8667,6.9729,-6.3033,-7.7274
5.9982,-5.023,-10.3155,0.9593,2.2809,-5.0945,-4.2824
5.3675,-7.8015,-2.9093,-1.6633,0.6599,-9.8835,-5.1322
-8.5332,-5.4577,6.3901,-3.8577,8.1019,-5.5803,-6.3998
7.3289,-8.2373,-0.0378,-2.5604,0.7667,-8.6185,-6.1746
-6.0148,1.6606,3.0745,-4.4603,-6.6423,-6.4813,7.9651
-10.9146,-3.0475,2.2925,-7.2686,-3.8367,-2.035,-5.7861
-7.5509,-4.7891,4.8813,-4.7049,4.063,-3.2059,-2.3231
6.79,-11.6284,-1.1493,4.1871,-1.3698,-5.801,11.6554
-5.0303,-9.6872,3.2921,9.7696,3.1317,7.433,7.4099
3.9121,-6.3077,-8.6862,3.1476,2.5474,-5.0601,-3.975
-5.3105,-10.6492,2.8392,8.4635,2.1803,6.9319,6.947
5.4548,-7.8776,-0.3176,4.6643,-0.6083,-6.8044,10.8051
5.3989,1.9362,-0.7168,3.1417,-2.4435,-3.8527,3.3089
-8.1195,-5.9763,2.6855,-1.8843,7.1073,-7.5307,-9.4617
7.041,-4.5338,-9.1578,2.0469,1.0954,-4.8415,-4.3934
-4.1638,2.9484,3.713,-5.1977,-5.6623,-5.0956,7.2985
-5.5971,-11.4247,1.0503,6.6471,4.7381,6.3114,-1.6939
-4.4782,-9.3232,0.19,7.1529,6.5833,4.1106,-3.1224
-8.6898,-4.1271,4.9392,-2.6846,3.9413,-4.5366,-1.1847
-9.6172,-5.6418,7.1887,-2.3498,6.3633,-0.8693,-1.7827
-3.1862,-9.3882,-4.5326,0.1733,-0.9437,-0.9398,-4.7418
-6.4015,-5.7064,4.2479,-4.9629,8.7642,-6.7576,-8.2683
-4.2951,-9.3295,2.2945,9.5482,5.129,5.5509,4.6017
-9.4595,-5.032,4.4505,-2.9658,3.9989,-3.1057,-1.2562
7.8444,-8.5403,-0.833,4.245,-1.1833,-4.7872,10.3407
-6.4446,1.5104,2.7412,-4.0672,-7.3205,-4.5045,7.0991
6.0763,1.2919,0.0471,2.3336,-2.3452,-5.1395,3.8866
-5.1344,6.2656,-2.223,-0.9125,0.5619,-6.4671,8.1856
3.3865,1.7042,-1.934,2.3277,-1.2702,-4.6836,1.9332
-2.8801,6.6889,-4.0059,-1.173,1.5797,-5.5138,7.863
-8.3491,-3.1986,-1.1319,-7.2853,-4.9567,-1.5502,-5.8292
-4.6563,6.0655,-3.2053,-0.2233,0.4798,-5.5794,8.506
-9.1064,-6.9489,3.0882,-2.0576,5.5304,-4.2408,-0.4483
-7.5111,-4.2062,3.7217,-3.4858,5.7959,-2.4294,-0.9185
-3.0574,-9.2204,1.4405,7.6605,4.514,4.7263,6.3486
4.6595,2.0078,2.6778,-0.0086,7.4829,-5.9323,0.589
-6.1581,-10.4172,-0.9191,7.6145,4.8269,5.1524,-1.8777
-1.228,-9.4289,-7.1299,-2.0953,-1.4153,2.3427,-3.1358
-9.3681,-3.472,0.711,-6.7682,-2.4736,-1.9317,-6.1456
6.3663,-4.8251,-4.5358,-0.4102,1.03,-9.8319,-5.2352
-8.5236,-1.6844,1.0052,-7.6989,-3.9988,-1.0473,-7.3529
-9.7725,-6.4147,3.5894,-2.0878,6.5462,-7.5654,-6.1664
-3.3665,-9.2769,1.3697,9.0026,2.5358,6.3217,7.0538
5.6944,-7.5165,-4.1543,-2.2045,0.8505,-7.0691,-6.4133
5.3022,-5.7608,-8.5317,0.8562,2.3121,-5.4329,-3.7074
-9.0064,-6.6093,3.9994,-0.6183,5.0093,-2.3942,-1.901
-6.5818,-10.17,-0.1691,6.6695,6.7733,5.5324,-1.6679
-8.0689,-3.0058,2.4546,-2.9043,5.3815,-1.1949,0.7053
-8.6502,-5.3444,5.4493,-3.4652,7.4236,-8.251,-8.2411
-10.2966,-4.0068,3.9865,-2.7195,3.9064,-1.3342,-2.9523
6.0738,-8.2872,-3.3044,-3.8694,0.4729,-9.9292,-5.5071
-8.2596,-6.0464,3.3574,-2.8315,6.079,-6.0679,-7.0828
-1.0533,-8.8563,-3.6726,-0.8853,-4.2016,-0.8749,-4.4476
-3.6037,-9.3428,-5.9624,-0.1713,-3.3831,1.1485,-3.8512
3.5038,-6.6233,-4.3174,-0.8012,-0.2184,-9.749,-6.2781
-8.5327,-1.2628,1.6431,-7.0872,-5.2241,-1.9116,-7.6736
-8.3948,-0.092,0.8115,-8.1755,-5.6055,-2.2624,-5.6647
-4.6579,-9.1759,-0.4328,5.0254,4.3258,6.1377,-1.926
-11.1824,-4.3507,2.323,-2.6681,4.6319,-2.8797,-1.5783
6.1792,-6.1229,-8.4605,2.0506,3.556,-3.927,-3.9448
-1.0495,-7.6753,-3.1111,-0.0745,-3.8886,0.369,-3.1212
5.88,1.3542,0.6995,-2.9052,8.4864,-6.9878,1.4794
3.8228,0.751,-1.9272,2.8258,-3.4964,-3.1857,1.828
5.9287,-6.6607,-3.9342,-0.1775,1.6657,-9.3684,-5.3852
-3.9204,8.6468,-3.1459,-0.8416,1.8968,-4.2874,8.1335
6.4421,1.0183,1.1521,-2.0962,8.4364,-6.9366,1.2749
5.5869,-4.9976,-9.6155,2.5999,2.4506,-2.4963,-3.535
-2.3298,8.4763,-3.8348,0.7337,1.1951,-5.5459,7.1913
6.188,-6.9517,-8.6251,2.5707,2.4588,-4.5114,-3.9238
7.6015,-5.7394,-9.8201,2.8624,2.3429,-4.7557,-5.5042
-5.8391,-2.6634,1.3338,-6.9988,-3.5224,-1.6414,-7.2718
-9.7577,-4.0151,-0.2534,-7.5317,-2.7172,-2.2649,-6.1357
-3.7056,-10.3698,0.2741,6.7364,6.8282,3.8652,-3.4223
5.57,-4.4118,-9.3447,3.3618,2.2569,-4.7195,-4.5738
-5.0002,-10.4063,0.1159,7.838,4.6865,5.5521,-2.0
-4.8566,-8.0512,-0.7944,7.5665,5.3449,4.3693,-1.4203
6.2902,-7.0508,-3.2563,-1.3777,0.5699,-7.3778,-5.6769
5.4008,-7.4412,-3.8064,-2.7547,0.4465,-8.4693,-5.0934
6.12,0.2981,0.8356,1.162,-2.1664,-3.4362,2.1785
7.2247,-7.8046,-3.5816,-1.9504,0.8186,-10.0097,-7.3278
-2.6706,-8.1294,-4.2371,-1.1915,-3.3341,1.2196,-4.2069
-9.7953,-0.7019,0.6556,-6.7526,-4.1533,-3.6186,-5.7237
4.9532,-8.341,-0.8809,4.2484,-0.4606,-5.3719,8.3566
-0.2999,7.3859,-3.5651,-0.626,1.981,-6.2383,7.9346
-2.3356,-8.242,-4.1146,1.7521,-3.1512,3.6262,-4.8931
-9.3248,-5.9116,5.0871,-3.0033,9.0802,-7.336,-7.744
6.1677,-1.5004,1.3423,-1.5777,9.8734,-9.4991,3.1298
3.7493,2.632,-1.7362,1.8704,-2.3016,-3.2601,3.3492
4.8026,0.8033,0.8106,-3.9158,8.8671,-6.5202,1.509
-3.5063,7.4285,-5.0743,0.0414,0.5202,-6.4854,8.5344
6.0034,-6.0725,-10.0682,1.571,0.8895,-3.8551,-4.4373
6.3483,-9.3587,-0.6814,3.5412,0.323,-4.3679,9.777
-4.2302,-8.9626,2.7039,8.0119,3.6165,5.5199,6.0915
-8.0959,-6.4697,3.4804,-4.5137,6.846,-5.0021,-6.9815
-1.9553,7.072,-4.7367,-2.1075,0.4053,-5.0914,8.1659
-7.3173,-5.2924,5.4446,-2.9991,6.7495,-5.5014,-8.6049
-5.3496,-7.2393,0.2039,6.9344,5.3101,4.5366,-3.1476
-8.549,-3.89,0.6449,-7.6132,-4.8682,-0.5906,-5.7254
5.9851,-8.3266,-4.5806,-1.9136,0.4578,-9.2963,-6.5318
5.9001,-6.3299,-8.723,2.597,3.726,-5.3263,-4.1463
7.8571,-10.7177,1.3032,3.3515,0.9742,-5.8333,9.0645
5.1218,1.4702,-1.6751,5.0835,-1.7218,-4.4599,0.9302
-8.7628,-1.7696,0.9342,-6.1784,-4.5696,-3.1885,-6.0448
-3.7441,6.2904,-3.6078,-2.7601,-0.2321,-5.006,7.8337
4.5352,-4.7067,-8.0366,1.6626,3.3525,-5.6248,-4.1024
7.6898,-9.2943,-2.3409,2.0599,-0.3655,-4.765,9.7594
4.0265,0.7497,0.1103,1.2979,-1.9557,-4.8867,2.7483
-8.8544,-3.0462,-0.8865,-8.589,-4.426,-0.7763,-5.9684
5.4349,2.3204,1.5413,-2.2928,8.233,-7.1444,-0.04
-2.1006,-7.9139,4.2903,8.3359,3.5585,6.4545,4.6718
-6.7668,1.5469,2.7383,-6.1552,-5.2588,-4.4637,9.5659
-9.3588,-7.5568,3.3717,-2.1974,4.6891,-2.8504,-1.6587
-4.1894,-11.027,1.8863,8.9631,4.7287,5.7129,6.1854
8.4072,-7.1855,-0.672,4.4086,0.234,-4.435,10.8051
5.9526,-6.5244,-4.679,-1.0413,-0.4717,-8.6472,-5.8542
-1.368,-8.4516,-6.3459,-0.772,-3.892,1.0784,-4.0417
5.3016,-0.3553,0.4568,-3.6876,6.9315,-5.0593,3.2646
-3.7622,-9.5647,3.3978,8.9145,1.6944,6.2022,5.9267
5.1489,0.6013,1.514,-2.4898,7.8409,-6.6703,1.4773
-9.0573,-0.509,-0.1519,-6.5734,-5.7752,-2.3586,-8.0693
5.56,-5.6829,-10.0674,1.7896,2.5699,-5.3245,-4.9878
7.848,0.5585,1.5246,-3.0018,9.6754,-6.6914,3.4459
7.6066,-9.3841,-2.0352,3.5273,-2.5143,-5.0628,7.5967
7.0235,-9.8942,-0.7792,2.386,-1.4315,-5.0381,9.4909
-0.9356,-9.6213,1.7167,7.8611,3.1191,5.7778,6.7586
4.4503,-2.6103,-8.2692,2.9948,3.025,-4.0996,-4.3964
-5.5293,2.8933,2.7917,-4.4107,-7.3439,-4.0662,5.4675
6.1103,0.5578,-0.6379,-2.0991,7.361,-7.2039,2.139
3.6007,0.5899,0.0785,3.1634,-2.5518,-4.7531,2.8492
7.1748,-7.745,-3.1757,-2.8601,0.4603,-7.7996,-5.289
3.7579,-0.8978,-2.6266,0.8547,-1.6126,-3.8439,2.0753
-8.4704,-2.6773,-0.0764,-6.3193,-5.323,-1.234,-7.3334
-4.6962,2.0044,0.8454,-4.8992,-3.8425,-4.8492,7.8513
5.1423,-7.5885,-4.0193,-1.2383,-1.9425,-9.3211,-5.2378
5.2226,-7.1956,-5.6784,-1.462,0.1058,-10.2864,-5.252
-3.505,4.0142,2.0888,-6.0317,-6.1887,-5.5236,4.7948
-9.5697,-1.9439,0.086,-7.8461,-2.8648,-3.7725,-4.7591
-2.8524,-10.2867,2.7031,8.7794,3.9987,7.1586,4.8749
-1.7474,-8.185,-3.5228,-0.4372,-1.7357,1.8983,-5.2277
7.2955,-7.395,-4.266,-3.027,-0.3165,-10.2795,-5.1392
-4.1325,-8.5838,1.2498,9.0729,6.4542,3.3418,-2.291
-6.6349,-4.729,3.6935,-4.8173,8.7495,-6.3769,-7.0665
-4.8258,-7.5287,1.0978,6.7606,4.258,4.6844,-2.0201
-4.9348,-8.5767,1.3773,9.3926,3.3166,5.1328,7.5107
-9.3713,-6.2133,3.178,0.0325,5.3848,-2.7924,-0.9717
-4.3214,8.0334,-4.0514,-0.2322,1.7631,-6.1257,5.2818
-7.2596,-7.0515,3.2212,-3.6325,8.173,-7.1088,-7.7987
-2.4778,-9.6625,3.1842,7.5864,2.9885,5.0994,8.6041
-6.5033,-5.6133,4.9085,-5.7274,6.4265,-7.2988,-7.4304
5.8554,-5.0166,-9.6341,3.9041,2.446,-5.1052,-4.1193
-7.4345,-9.9352,-2.7057,6.6054,6.9613,6.049,-1.5003
1.6633,-0.0835,-2.9162,2.779,-2.593,-2.637,0.7664
3.3214,0.4387,-2.1006,1.5027,-1.7876,-5.6744,1.2988
-2.4316,-6.8306,-4.9685,-0.1786,-3.3347,0.7365,-4.8681
6.0482,-8.3868,-2.7959,-0.9606,-1.9811,-7.7588,-5.5766
-7.0027,0.8854,4.0015,-3.477,-5.8333,-4.2199,7.0917
-5.0872,2.512,3.3521,-4.0798,-5.6779,-6.4593,7.6138
5.9572,-7.2847,-3.4095,0.5066,-1.1413,-8.421,-7.0302
7.604,-9.7375,2.0462,5.219,-0.838,-5.2915,8.4954
-9.963,-4.9718,6.4162,-0.6367,5.7966,-3.3582,-2.2427
2.7633,1.4267,-0.8761,2.1204,-1.6606,-4.6495,2.9088
-4.1914,7.205,-4.5457,-1.6827,0.6716,-6.0342,7.3601
-3.7575,7.0887,-5.6835,-1.8854,0.823,-7.1282,8.3087
6.2145,-9.1391,-0.8217,1.7702,-1.0961,-3.6399,9.029
4.277,1.118,1.5409,-2.6916,7.7582,-5.6335,1.2323
4.3166,0.464,-1.4965,1.1793,-1.9132,-3.1454,2.653
-2.4839,-8.7747,1.3568,7.3476,2.7371,4.9048,5.636
7.6125,1.0557,-1.826,1.4736,-3.5988,-5.4068,2.3625
5.5448,1.536,-0.0983,-1.2717,9.2139,-7.1217,1.8005
-8.7642,-3.1024,0.0717,-7.5425,-5.6685,-2.2326,-7.8893
6.3098,2.9435,-2.667,2.6414,-0.7065,-3.2918,3.103
-6.6593,3.0717,2.5791,-3.4889,-5.6151,-6.1628,7.6334
-5.4006,1.6287,-0.6046,-5.7276,-4.8984,-4.1948,6.0596
6.6163,-9.7921,-0.8835,2.9094,-2.0941,-3.6735,9.4587
-4.1642,9.8209,-4.3497,-0.2424,1.8764,-5.4692,7.6964
4.2321,0.7461,1.2065,-1.4612,8.9119,-6.055,3.6325
-6.7168,1.8768,1.7259,-6.1697,-4.3739,-7.0087,6.4401
6.0929,-6.794,-4.0507,-1.6334,1.1881,-7.8759,-5.8475
-4.8904,-10.1051,3.2917,7.7676,3.101,6.3608,7.153
5.1013,-6.9731,-4.6221,-1.6454,1.0199,-7.0569,-6.0833
6.0007,0.7113,0.8777,-4.1546,9.2256,-7.6759,2.4803
-9.9145,-3.2155,-0.7204,-5.8935,-4.8297,-2.4274,-7.5779
-7.8236,-5.6117,5.1171,-2.9267,8.1812,-6.6629,-6.9682
3.9626,-4.9638,-9.4043,0.2623,4.298,-5.4646,-4.8952
-3.5078,-9.0004,-5.1353,-0.9651,-3.7327,-0.8643,-1.9299
7.4568,2.2207,-2.0481,2.7318,-2.8286,-3.3657,2.4621
4.9473,-6.0171,-3.2748,-2.8471,-2.3569,-8.8984,-6.3439
-5.0318,-9.4282,-1.0523,7.6568,7.159,4.3201,-3.2966
7.5128,-8.3894,-4.1641,-2.004,0.6548,-6.4438,-4.8412
6.2934,-7.0257,-9.4436,1.7982,2.9167,-6.0501,-4.6077
-9.5204,-3.9612,1.5125,-7.1084,-4.5663,-3.3163,-6.2738
6.5191,-8.7548,-1.2983,3.117,0.9435,-5.6125,7.327
8.6118,-10.8004,-1.3726,3.733,-1.7669,-4.1547,7.5092
7.821,-6.4455,-3.0989,-2.329,0.4771,-9.1183,-7.5681
-3.4452,-7.9079,-0.531,7.8685,6.6253,4.4793,-1.4754
-5.1706,-10.1551,-0.064,7.5813,7.5729,5.9901,-3.7408
-4.7588,-8.99,1.989,9.9662,2.9273,5.6243,5.8823
-5.8878,3.5007,1.2506,-3.4121,-6.1104,-5.7155,8.4757
-4.3742,1.8836,2.3272,-2.7891,-5.9399,-4.856,7.89
-9.417,-6.1918,2.67,-2.8887,4.7049,-4.06,-1.8811
-4.0864,2.6613,2.82,-4.8454,-6.2632,-2.8712,7.6423
-7.7251,-3.2286,1.1032,-7.281,-2.5349,-0.9246,-6.7057
-3.7504,6.5653,-4.9763,-1.8195,0.4932,-5.773,8.2615
-3.1997,-9.8356,1.3384,7.6604,2.4384,5.996,7.9371
-3.7997,-10.7213,1.851,8.6743,3.1428,6.1895,7.1189
-3.838,-9.4133,-4.5152,-0.5152,-3.7573,0.74,-4.4463
-2.3332,-7.2448,-4.7572,-0.5141,-2.6185,3.6801,-5.7709
6.62,-7.7855,-5.5384,-2.4125,1.6147,-7.442,-4.2896
5.1549,-10.0174,-0.9446,4.1718,-2.9665,-3.821,9.1966
-9.7912,-2.4314,5.4513,-1.9877,5.0926,-3.3545,-1.8346
-1.4098,-8.2372,-5.0246,-1.8246,-3.2401,1.479,-4.4558
-4.4928,4.1644,2.592,-5.144,-5.914,-3.6549,5.5163
7.6875,1.7406,0.0761,-1.9566,6.8938,-7.5467,1.4624
6.532,-8.8843,-0.9048,2.9221,-2.7205,-4.794,9.4994
-3.3363,8.7742,-4.1531,-0.8486,2.2417,-4.5917,10.6014
4.9125,0.0239,1.1843,-2.0654,8.2822,-6.0542,0.994
5.7727,-10.3006,-0.8976,3.2383,-2.2864,-4.9845,8.4658
6.2795,0.6369,2.2286,-1.4108,9.0769,-7.4923,2.4567
-9.7861,-5.0029,4.7465,-4.0863,5.7832,-4.3054,-2.0262
-5.8536,3.9867,3.949,-4.2862,-6.4759,-5.8447,5.1447
7.5005,0.3188,2.1364,-0.8397,8.9327,-5.7857,0.1714
6.042,-9.4552,-0.2256,3.9608,-0.6905,-6.0329,9.9289
0.2372,-9.5412,-5.4564,-0.6213,-2.8215,2.5536,-3.9178
5.3499,0.5474,1.4479,-1.3267,6.4693,-9.0923,0.8659
-7.9452,-7.5641,5.1041,-3.2437,7.6888,-7.2152,-7.7683
-0.7495,-8.5977,-4.3038,-1.5387,-2.1193,1.6521,-6.3269
-5.2676,7.0579,-6.0063,0.9515,1.94,-6.9182,8.0243
-9.9091,-2.0896,0.9771,-6.2102,-4.2134,-0.5625,-7.0339
5.7395,-10.291,-0.3071,5.1243,-0.4357,-7.1517,9.4489
4.6601,0.4402,0.2715,-4.199,8.8957,-7.463,2.6385
-8.825,-7.338,4.8894,-2.6454,8.2009,-5.2128,-8.4059
-6.8639,-6.664,2.8477,-5.0352,5.422,-7.2541,-8.6336
-5.1212,-8.8161,2.3945,8.732,2.3337,5.376,5.337
8.4555,-10.1601,-0.4043,4.0942,-0.465,-6.3131,7.8208
-0.6998,-8.7044,-5.0201,-0.7793,-1.8421,0.1048,-5.7969
5.5398,-10.0312,-2.0656,5.2193,-1.4606,-5.7866,7.8271
-5.8106,5.2095,0.9844,-3.3728,-5.1301,-5.6226,5.2144
-5.6248,1.3356,2.9704,-4.6345,-7.0462,-4.3515,8.9018
7.3188,-11.0009,1.3517,2.9266,-1.2909,-5.938,8.9421
4.8126,2.3082,0.114,2.7496,-3.6273,-4.6684,3.3328
-3.6574,8.0772,-5.0289,0.6463,1.7703,-5.7091,8.5389
6.7474,-9.7936,0.3369,2.7627,-3.205,-5.3305,9.1634
-2.7782,7.6005,-2.9165,0.1156,2.7313,-6.4943,8.5686
5.0421,-5.0265,-9.6669,2.414,2.6127,-5.7265,-2.0243
-4.5777,-10.0721,1.1654,7.8149,3.0764,5.6513,4.7832
4.9429,0.6328,0.289,-1.9715,7.8607,-8.4816,0.8419
-4.9391,4.72,2.2556,-4.2487,-5.4655,-5.2357,8.4423
-10.9018,-2.887,3.8074,-2.5354,6.1101,-2.6823,-2.9023
5.4716,-3.9189,-8.5969,1.1021,2.6401,-5.066,-4.349
5.4916,0.6046,-0.6935,2.5525,-1.6159,-4.6336,3.7201
6.2884,-10.2482,-0.9059,2.6364,-2.4163,-4.7578,9.02
6.3906,-7.141,-11.5125,2.0053,3.0113,-4.4049,-4.2059
3.7614,1.023,-1.7002,1.1381,-2.5348,-4.3554,4.2046
6.3016,-0.4149,1.1969,-1.1151,7.2563,-6.0814,3.5712
5.0737,1.7583,2.1733,-5.131,9.4461,-4.8416,1.2676
-6.618,-6.1775,4.9754,-3.4235,6.8213,-6.8218,-8.9616
-6.6151,-10.7628,-1.6631,6.2078,5.3712,4.6631,-2.8343
4.9093,-6.9398,-9.2058,2.6185,0.8773,-2.7464,-3.799
-2.0709,-6.7237,-4.7237,-0.5155,-2.8787,0.7815,-5.711
-4.6486,-11.1907,1.1431,8.8319,1.6225,7.0783,4.4107
-6.9818,-4.9713,5.0505,-3.7681,7.0153,-8.4187,-7.0625
-6.6943,-12.0357,1.025,6.7514,4.5998,5.3461,-2.0176
3.5989,2.3312,-1.9034,2.218,-1.5704,-5.3822,3.5845
7.3075,-11.5228,0.0733,3.6998,-1.6794,-5.5068,7.365
-9.721,-0.8297,0.6649,-6.5857,-3.5505,-1.6717,-4.7694
-3.7538,8.5352,-4.8489,1.1088,1.4707,-4.5313,7.1941
4.672,1.8824,-0.2186,2.8873,-3.4691,-3.214,1.7205
-4.744,-9.3773,-0.0991,5.9648,5.6063,6.7329,-1.9031
-7.6133,-4.2695,3.7103,-3.349,7.8852,-5.8109,-8.2218
-8.7804,-4.1793,4.5284,-2.955,3.9612,-0.8884,-2.2961
3.8374,2.0687,-1.9595,1.5026,-2.9915,-2.93,1.547
-4.6226,-9.6596,-1.7306,8.1742,5.1915,4.7899,-2.2908
-7.6064,-5.8225,4.8604,-5.2065,6.6526,-7.5598,-8.7611
-2.2979,2.9513,3.3542,-5.7725,-5.1333,-4.147,7.9001
-5.6111,1.0728,2.614,-5.5088,-6.1966,-4.4707,7.8489
-4.7204,1.3646,2.9259,-3.0666,-6.9233,-2.8204,7.5019
6.4513,-11.3046,-1.026,4.0113,-0.4577,-4.0704,7.9142
-6.9117,-4.9066,4.2437,-5.7772,4.1708,-1.9587,-1.4907
-3.4958,-8.3421,1.63,7.1909,4.4724,5.9406,6.2055
5.5869,0.9192,0.6941,-2.0111,7.2787,-6.4712,3.9623
5.8574,-8.2659,-5.0897,-1.9651,-0.8477,-10.4105,-6.1583
6.2047,1.1845,0.3605,0.3857,-1.8055,-4.0312,2.5828
4.9103,-5.9583,-12.7205,2.2346,2.7897,-5.7353,-1.6407
5.8706,-4.9548,-8.2114,2.244,1.0404,-3.797,-3.6564
4.845,-5.3001,-9.3928,3.3762,2.145,-6.2397,-5.2625
-6.5996,-10.2418,-1.9212,6.3524,5.9829,4.7271,-3.3277
-7.75,-4.1309,0.6614,-8.6154,-7.1439,-2.214,-6.0168
5.7004,-7.5814,-3.0071,0.4822,-0.7373,-7.7632,-4.0405
-8.0468,-5.6952,6.1559,-5.0424,5.5816,-6.0023,-8.4051
6.1042,-5.4243,-10.7694,1.5908,2.3217,-5.4536,-4.4678
-3.8578,-8.5831,1.7411,8.7811,1.2044,6.8291,5.9102
-8.3889,-3.8298,5.7874,-2.8121,7.9032,-7.4723,-6.8359
-4.3845,-8.6083,1.1412,11.2663,3.4859,6.3274,6.4836
6.8775,2.3128,0.6179,-3.4174,9.3858,-7.3864,2.0373
-0.2517,-9.2086,-4.1008,-0.0978,-2.8695,0.5867,-3.9128
6.6599,-7.6879,-3.4963,-1.582,0.4249,-8.2777,-6.4032
5.3863,-5.023,-6.9665,3.8784,1.8316,-3.6648,-4.7723
-4.6214,-8.5406,0.8228,9.889,2.0205,5.556,5.0834
-4.6924,-10.9041,-0.1194,7.1993,5.8608,5.4988,-0.5924
-1.1055,7.4456,-5.2852,-0.7906,3.3853,-6.9351,7.5021
-2.7529,-8.6997,-5.2005,-1.1465,-3.7735,2.5155,-5.9223
-3.7989,2.1287,1.3512,-3.4625,-6.4911,-3.7797,7.7207
4.419,1.8821,-0.0878,1.1069,-3.096,-2.4568,3.8999
-6.2673,2.1339,1.4228,-3.5661,-5.6755,-2.7746,8.0302
-7.5995,-3.5908,0.0943,-7.2608,-4.7561,-2.1428,-4.92
-4.2985,6.0924,-4.1874,0.5574,0.1691,-5.0666,8.4942
-11.5697,-3.9959,5.0917,-3.4743,4.7483,-3.5889,-0.4552
-9.251,-2.0855,0.7843,-8.4359,-3.9165,-1.8642,-8.228
4.5566,-7.3061,-8.5081,3.2933,3.4204,-4.3412,-4.3131
4.4579,2.2559,-2.7689,1.9821,-2.4605,-4.3167,2.3389
-5.5756,-9.2219,-1.3273,7.9232,6.9787,5.5857,-2.9467
-9.2385,-3.9146,0.6718,-5.9286,-3.1146,-1.9359,-7.2879
5.0334,-7.9079,-5.1696,-1.7745,2.4155,-10.3179,-3.0043
-1.6166,-7.288,-3.8012,-0.0727,-1.7995,0.18,-3.9266
7.9462,-9.5976,0.4586,5.0951,0.0911,-5.315,9.4233
-4.2175,-9.7389,-4.0128,7.9374,6.8788,4.893,-0.0816
5.957,-0.4539,1.4849,-2.2571,7.8724,-6.0582,1.7424
-9.3232,-4.0523,5.839,-2.0118,3.3008,-2.7916,-2.3049
7.7139,0.3636,0.4563,-3.2367,8.703,-4.0651,0.2949
-10.4367,-4.1611,4.8934,-1.4954,5.2558,-3.5116,-1.2702
-2.5504,-8.7507,-4.7085,-2.4084,-2.8737,1.9379,-4.0626
5.2024,0.0074,-1.4593,2.0768,-1.8257,-4.8527,1.3375
6.1793,-11.7648,-1.9899,3.9902,-2.0685,-4.8891,11.3835
-3.5649,7.2748,-4.505,-1.3225,1.0346,-5.1215,8.8454
5.1785,-8.2847,-4.5475,-0.8005,-0.9769,-9.9619,-5.4137
6.5352,-9.7655,-1.2179,3.9748,-1.2776,-4.252,8.1032
-7.9754,-6.2184,5.5515,-4.4159,6.7813,-7.256,-8.4571
6.6844,-8.7738,-0.5096,2.8404,0.4315,-6.0706,8.6194
-8.1438,-6.9111,4.3628,-3.779,7.096,-6.3779,-7.916
-4.8601,3.0734,2.0195,-3.8943,-5.8466,-3.5849,8.245
6.1918,0.3423,2.2062,-2.642,9.2597,-6.1662,2.9692
-3.1341,-10.3792,-4.2605,0.2633,-2.4965,1.5476,-3.5685
-4.8404,-7.3001,-7.0183,-1.3074,-3.583,3.4269,-1.9535
4.9401,-7.1889,-4.4844,-1.3838,-0.7933,-8.0532,-5.9119
5.0754,0.8375,1.1778,-4.0489,8.5444,-5.409,0.5156
6.2096,-7.1451,-4.3015,-2.2307,-0.5173,-7.8622,-6.0293
-4.8853,2.1167,2.7928,-3.7941,-6.3765,-5.2494,7.4096
7.8477,-10.3012,-2.2185,3.1543,-1.8411,-5.2208,9.1157
-9.3837,-4.231,2.7332,-3.9772,4.1478,-2.499,-1.2823
5.2636,-4.0449,-9.0823,4.7401,3.4222,-6.3773,-3.6845
6.3302,-9.1368,-0.445,3.5244,-2.4705,-6.0075,7.6097
-4.808,-10.7457,-0.436,6.399,5.9818,4.877,-0.6556
-6.7568,-1.0527,0.9404,-8.457,-3.1707,-0.9209,-7.1689
6.8599,-8.0699,-3.7877,-1.0708,2.2029,-8.8824,-4.9711
5.2203,-6.3494,-8.5708,2.6579,3.6254,-5.2383,-5.3778
5.743,-7.0132,-4.3207,-1.917,0.661,-7.6518,-6.1163
5.3859,-7.1369,-10.114,1.3315,0.4649,-6.681,-5.1766
-7.2428,-6.4171,3.7685,-4.3259,8.7645,-5.2948,-6.7035
3.095,2.7927,-1.0994,3.3115,-2.0219,-6.4078,2.81
-7.9201,-6.7832,2.199,-4.3583,5.7213,-3.7053,-1.2724
-8.8677,-2.1639,0.6655,-8.0004,-4.5441,-1.6184,-6.0742
4.7796,-5.8077,-10.5318,2.6132,1.4729,-5.9365,-3.4421
6.6259,-9.3393,-1.0711,3.8422,0.0445,-6.5972,7.841
6.3467,-8.6057,-4.5319,0.3771,-0.6223,-9.3832,-5.7581
-7.919,-1.9991,1.6582,-7.2088,-4.257,-1.4713,-6.8412
-9.8528,-8.168,2.6614,-3.0576,3.8549,-2.6333,-0.2968
5.6647,0.3067,0.5248,-3.9913,8.2015,-7.0457,1.4402
-3.5695,2.3066,-0.1119,-4.4033,-5.9416,-4.9235,6.6393
-4.3647,1.4496,1.4029,-4.1304,-5.6906,-7.0534,6.5672
4.8581,-5.2781,-9.8312,0.7345,2.1513,-5.2359,-3.7724
-8.3629,-3.5051,0.3769,-8.1626,-4.4414,-0.2557,-9.0221
-7.5947,-6.1566,3.0472,-4.6431,6.7117,-8.7893,-6.3876
-8.3454,-4.7806,4.0593,-3.2989,4.1984,-5.0156,-3.5252
-5.825,3.8143,2.4067,-3.5491,-6.8921,-6.1319,7.4778
-6.7974,-4.2924,3.1853,-2.5223,7.8288,-7.8333,-8.702
-4.5618,-10.9481,3.5551,8.5606,2.9758,6.8388,5.5325
-6.8183,-5.2859,5.0398,-4.5167,8.8774,-4.9323,-7.3646
-7.7726,-2.3958,2.8667,-8.2689,-5.2857,-1.5486,-5.5997
5.7031,-6.9442,-9.0045,1.8073,2.3993,-3.6681,-1.7762
-9.7038,-6.5436,2.5123,-1.8318,5.3529,-3.0599,-2.0255
-4.998,6.9406,-4.0441,0.0276,1.5627,-4.297,6.3609
-2.7989,-8.0282,-3.8022,-3.0259,-1.6456,3.2096,-3.3932
-8.5592,-2.8323,2.5684,-8.4209,-3.814,-2.5618,-4.8726
-10.6832,-1.7462,0.1278,-6.999,-4.562,-1.5912,-6.6555
-4.5305,-10.5122,-0.2887,6.9013,5.5407,5.868,-3.9282
-3.1884,6.5817,-5.4012,-0.5063,1.434,-6.3445,8.893
-3.0481,-11.33,1.3571,9.8849,2.8248,6.0256,7.0979
-3.7443,1.9308,3.7847,-4.6233,-6.0145,-3.9269,5.9588
5.2267,1.1428,-1.2192,0.9619,-5.6797,-4.0647,1.3512
7.3423,-6.997,-2.0309,-1.4035,0.5109,-9.9945,-6.8534
-7.6506,-8.458,-1.1535,6.1046,5.5923,6.6676,-2.4916
-7.7465,-4.3948,3.7738,-4.2613,6.0853,-6.9353,-6.5406
6.017,-9.8997,-0.3923,4.5187,-1.4521,-5.399,8.2045
4.8378,-6.6977,-9.5285,3.3112,3.2719,-3.6719,-1.9316
-9.1393,-5.9391,5.9129,-2.6847,4.542,-1.7769,-1.8263
-9.7216,-4.0323,0.8517,-5.6519,-4.4221,-2.0914,-6.4229
6.6243,0.323,-0.777,-2.3229,8.3311,-5.0169,0.8901
3.8701,-6.4779,-8.9397,1.7721,2.0565,-4.7896,-2.2909
7.4226,-10.6419,-1.9391,4.1451,-2.0543,-4.4882,8.9106
-2.694,-8.8303,-3.449,0.0487,-3.9491,2.3072,-3.6794
3.1284,0.3141,-1.1485,2.2452,-1.1802,-5.6909,4.0002
-8.6681,-3.3027,3.0717,-3.7094,8.0096,-6.5522,-8.3895
3.4108,1.6818,-0.7724,0.2872,-4.378,-4.3292,3.1757
-8.2523,-3.2263,5.2765,-2.8488,5.94,-2.643,-1.5588
-1.9964,-8.3572,-5.4335,-0.4749,-4.1834,1.4252,-5.3244
-9.6848,-5.5068,2.4485,-5.0816,7.6728,-6.3747,-8.5297
6.2586,-8.6415,-5.1691,-0.4122,0.274,-8.6529,-4.0823
5.9219,-10.6127,-0.9067,4.1439,-0.0442,-5.6921,9.461
-5.6969,-10.1506,-2.2659,7.7909,4.8245,6.3148,1.5508
-3.9506,6.7588,-5.6708,1.7144,2.7257,-4.9766,8.3094
6.4827,1.1852,0.917,-0.7032,8.8791,-6.9521,1.1695
-3.176,-8.6525,2.9358,7.2942,4.1771,7.2003,7.8188
-3.9041,-8.2565,-4.6895,-3.1216,-4.1817,1.5201,-4.7165
5.8605,-4.3719,-8.6891,3.5775,1.7276,-4.27,-5.0203
-4.0124,1.8842,1.9232,-4.2186,-5.0748,-5.1443,6.7386
-3.1722,6.6027,-3.8843,-0.746,1.095,-7.3319,7.4813
-9.6274,-5.37,3.5289,-3.0686,8.8346,-5.7588,-9.0232
-8.4988,-5.1165,4.0261,-3.0939,3.9181,-3.4532,-1.3255
-3.8552,-9.8115,2.7093,8.004,1.7552,5.7217,6.6183
-5.5205,4.2465,3.1316,-4.3553,-5.5984,-4.4066,7.3221
-6.0327,3.0514,2.0257,-3.6751,-6.3,-4.148,8.3948
6.2281,-7.9247,-2.255,-0.7697,1.0325,-8.7326,-4.7232
2.8867,0.6573,0.5873,2.5764,-2.0698,-3.876,2.3362
-5.2683,-7.0939,-0.2,4.9418,6.6598,5.4225,-1.912
4.5214,1.4236,1.573,-4.5207,7.8058,-6.3912,2.8299
5.7412,0.9548,-0.0402,-1.0037,10.2828,-8.6609,0.8752
-9.1675,-3.943,3.7928,-1.8312,5.5445,-2.7383,-1.2453
-3.4589,-8.6949,-5.549,-0.825,-2.862,0.5741,-2.46
-8.637,-3.9581,3.416,-3.6912,5.2704,-1.8155,-0.0799
-6.1528,3.5453,1.9662,-6.0603,-4.7774,-4.2686,6.6779
-8.2916,-6.2012,3.5748,-2.9165,7.8997,-7.5488,-6.6031
5.8892,-12.2449,-1.2648,2.9633,-0.5535,-4.7204,9.8608
5.9342,-6.8722,-2.532,-1.275,-1.5477,-9.805,-4.1037
-2.5247,-10.0549,1.7547,8.9693,1.7997,6.7773,7.0846
5.2101,-0.6052,0.5535,-2.8104,9.1069,-6.4139,0.2208
-6.2903,-5.7993,4.7402,-4.5658,8.2661,-4.8284,-8.4683
5.5363,-10.9222,-0.9195,2.0184,-0.2463,-6.0063,7.5526
-2.269,9.1396,-4.8287,-2.1383,0.8923,-4.2932,8.4678
-4.9145,3.0846,1.839,-4.1321,-6.7094,-3.8706,7.2282
-3.2511,8.8464,-4.7076,-0.3062,0.6466,-5.9613,8.0114
7.5413,2.317,-1.0172,-2.5424,9.8036,-6.4682,2.045
-5.2304,-9.9125,2.5166,9.2637,2.0388,7.0009,6.4975
-7.2109,-4.1984,3.7655,-1.7074,4.5829,-3.4105,-1.4737
5.7859,2.0913,1.3559,-3.0761,8.3292,-6.208,2.0459
6.2638,-9.4862,-1.2769,3.4427,-0.9823,-5.9027,9.6922
4.631,0.9655,2.0363,-2.8809,8.8411,-6.7332,3.063
5.4423,-7.9141,-2.4121,-0.4739,1.9798,-9.4252,-4.8207
-4.7525,-8.2466,-0.6509,6.4036,6.7246,6.4188,-3.3482
-2.4491,-8.5444,-1.5806,7.3945,5.9875,6.647,-1.0907
-3.6881,-7.8622,2.511,7.5638,4.5331,6.5578,5.3608
-4.32,5.9116,-2.9567,1.0685,1.8124,-7.5238,5.9051
-3.6753,-9.6137,0.1923,7.1894,6.5398,4.7045,-1.93
-7.3959,-3.7294,5.8845,-4.8688,8.5048,-7.931,-7.9363
4.2783,2.2703,-1.2186,2.8499,-0.2036,-5.2657,3.577
-5.7389,-0.8723,1.1072,-6.5562,-7.1131,-6.8467,7.8623
-4.2173,-9.353,-0.5297,5.9135,5.2586,6.809,-2.5527
6.1519,0.7786,0.5397,2.534,-1.4586,-3.7656,1.3113
-4.7425,3.5233,1.1088,-2.6838,-5.7646,-4.9754,7.25
-3.2715,7.7579,-5.5832,0.8407,1.2737,-4.8391,8.2459
-6.5589,-4.8758,3.0987,-4.9576,7.0881,-6.8981,-8.3735
-4.0169,-8.9441,-5.093,-2.8669,-3.502,1.8525,-3.5519
5.8045,2.2206,1.3583,-2.7836,9.0758,-7.4273,1.4038
-5.8128,2.0818,3.1105,-4.2077,-5.2661,-5.3202,8.2831
-7.8015,-5.7659,2.694,-3.5519,8.754,-7.4826,-7.5545
-5.2208,2.5272,2.1703,-1.539,-5.9244,-5.0127,7.3173
-5.4557,-10.4497,-1.6373,5.764,6.0526,4.3663,-1.4748
5.1842,1.0812,1.513,-1.4204,9.7186,-6.7475,2.029
-4.7754,-10.9609,-0.8347,6.1883,5.3474,5.3303,-2.6144
-4.0862,9.1954,-4.0102,-2.7908,0.0927,-7.6181,7.4898
3.7112,1.673,-1.1932,2.8951,-3.3858,-2.7286,1.7682
-3.0728,-9.382,2.6351,8.0343,2.3164,6.0341,5.6288
-5.5389,-8.4395,1.7628,10.7391,3.2277,2.6465,5.2502
6.4532,-3.9754,-6.5848,2.5192,0.4818,-6.0767,-4.3257
5.2537,2.0768,1.5777,1.9766,-1.3025,-4.597,1.5206
-6.9273,-1.1053,1.2424,-6.59,-5.2738,-1.849,-6.8181
7.8373,-11.3207,-0.1072,2.5555,-2.4111,-5.7179,10.6493
-10.0949,-6.7818,4.1625,-4.4398,5.5112,-5.6848,-8.1239
7.4219,-3.931,-8.7284,3.2733,2.2643,-2.9184,-4.2131
7.4058,-4.1074,-9.2951,2.1035,2.1403,-5.3702,-4.4563
5.6112,-8.7396,-2.9931,-1.8822,-0.4718,-8.0956,-4.4903
-2.6475,-8.0854,-4.4736,-1.392,-3.3197,2.2003,-3.798
6.9476,-7.7655,-3.4079,-2.2397,-0.4889,-7.9793,-6.5637
-1.0597,-8.6397,-1.076,7.827,4.7368,6.0513,-1.433
-8.126,-7.49,4.8221,-3.2828,8.2997,-5.7681,-8.3531
-0.9725,6.7411,-4.78,-0.0488,1.3212,-6.325,6.8901
3.3422,0.399,-0.9912,1.922,-3.3672,-3.1855,1.5018
5.0206,-0.916,-0.1541,-3.5191,9.3198,-7.2644,2.343
-4.2758,-10.0153,0.8884,8.9734,4.6821,8.3493,5.6141
-8.8788,-1.1568,0.6869,-7.7868,-3.7892,-0.0151,-7.2893
-1.3327,-9.8278,-4.6649,-1.4431,-3.8254,1.7546,-4.5486
-9.3396,-4.4785,2.8084,-3.42,4.8363,-2.884,-3.1116
-8.0771,-1.8232,0.8664,-8.9071,-4.6691,-1.6151,-6.8491
4.63,0.2624,0.3058,-2.2012,8.656,-7.8643,3.2844
6.0136,-7.8297,-3.8477,-0.8434,-1.7164,-8.6922,-5.1743
-8.8323,-5.7744,4.2562,-2.8615,6.1505,-2.5369,-2.2416
6.7204,-6.5594,-11.673,2.9871,2.099,-5.758,-5.4836
-9.4741,-3.371,3.9703,-3.652,5.1082,-3.1328,-0.6971
6.6326,1.3296,1.5065,-1.7496,7.2615,-6.1942,0.3684
-9.4536,-2.7397,0.9967,-8.1949,-5.1045,-2.6157,-6.4003
6.7894,-11.0422,0.6677,4.3628,-2.1777,-5.3746,10.6495
-8.1665,-4.7674,4.6065,-1.696,9.1558,-6.5802,-8.2604
-4.0371,-10.2948,1.4885,8.0291,3.0685,5.5488,6.6517
-2.9964,6.6766,-4.4767,-0.5001,1.6194,-6.2243,7.3331
6.0648,-6.9636,-9.1521,1.4032,3.7933,-5.456,-3.832
5.7386,-8.3405,-5.3128,-2.6476,2.5653,-7.6224,-3.0425
-4.5022,1.2764,2.3097,-5.6172,-4.9505,-3.2239,7.2558
5.3376,-6.2704,-10.3812,2.0803,3.3766,-6.3159,-3.0005
-7.8638,-3.3485,0.1991,-6.9415,-3.5837,-1.7946,-7.1393
-6.3057,3.6,3.3234,-5.9239,-6.4515,-5.2526,6.8303
3.8372,1.0193,-0.0208,1.5181,-1.9334,-3.4617,1.4418
7.6432,-11.373,-3.2886,3.315,-2.9507,-5.2424,10.9687
-5.3683,-9.0054,-0.0832,6.3772,5.747,4.5138,-3.1994
-11.3735,-4.9906,4.8421,-2.335,2.7263,-2.1632,0.1021
6.9049,-7.6499,0.0571,2.6369,-1.5711,-5.2207,8.6365
-3.0837,7.4662,-4.1274,-0.7843,3.2095,-5.1276,6.9777
-7.543,-1.5799,-0.4622,-8.3755,-3.9008,-0.0489,-6.5796
5.3763,-7.8455,-3.2112,-1.0235,0.1206,-9.0372,-5.1585
-2.1827,-11.4849,-4.1855,-0.9874,-3.2323,2.4672,-4.9647
-7.813,-5.5161,2.8172,-4.8044,8.1616,-7.2557,-7.328
5.4939,-6.7998,-8.4862,3.4496,2.5991,-5.3251,-4.6289
-2.5465,-10.3786,-4.173,-1.2645,-2.1548,2.5512,-5.9445
-4.2812,6.67,-2.3915,0.8468,3.4167,-4.8206,7.1191
-7.7009,-5.6634,2.222,-4.5199,7.6632,-8.599,-8.9159
-5.0986,-9.6953,-0.227,8.27,4.6255,4.6071,-2.6126
-5.3254,-8.3561,2.7618,9.7852,3.494,6.0529,5.5161
-4.9163,-9.2846,0.5239,5.3438,5.9845,6.0978,-0.4379
-10.4181,-4.6162,4.8994,-4.0801,6.1431,-1.7433,-1.6032
-9.2366,-6.9191,3.162,-3.7369,8.6359,-7.867,-7.3222
-8.2752,-5.6926,4.1391,-3.2487,4.5696,-2.9645,-1.0929
-3.2923,7.9974,-4.4931,-0.8545,0.7014,-5.9888,7.9838
-6.2233,-8.5901,0.5891,9.046,0.489,6.2396,5.724
4.7618,0.6818,-1.628,1.5661,-1.9917,-4.8892,3.435
4.981,1.4036,-2.3462,2.3674,-3.8984,-3.5721,0.3992
6.5055,-6.792,-3.5331,-0.8689,-1.0413,-9.2343,-4.6765
-7.4062,-5.9174,6.0028,-3.9851,6.9122,-6.7288,-7.2719
-2.2448,-8.4563,-3.4169,-0.8616,-2.9861,0.015,-5.7102
-10.5728,-3.9933,4.259,-3.7799,4.7716,-2.1957,-2.2691
-8.2165,-3.4143,5.6268,-2.7011,4.5107,-3.8394,-0.7128
5.8131,1.552,-0.737,1.5631,-3.6773,-2.3528,4.2302
-2.7626,-11.0703,-4.7609,-1.7738,-2.7585,0.671,-5.3506
-2.4854,-8.4969,-4.5974,-2.7129,-4.7662,1.0016,-4.6179
-5.7339,-9.9556,-0.557,4.4368,6.0923,4.4029,-2.0332
-4.2999,-7.655,-1.2276,8.2096,5.7954,4.4001,-2.2641
-3.2848,9.6912,-2.894,-0.6932,1.3964,-4.0197,7.7806
6.4376,-8.426,-0.6521,4.202,-1.6967,-3.9793,8.1655
-10.0701,-4.5251,4.2671,-2.1155,3.2459,-4.6615,-2.0356
-2.1074,-9.5271,-2.9735,-0.0901,-4.7143,1.0945,-4.4461
-2.7587,2.8242,1.4857,-5.9728,-5.5833,-4.4028,7.8711
7.5142,-7.4138,-4.5892,-0.9323,0.9699,-8.9136,-6.3391
6.1737,-5.5574,-3.246,-1.4647,1.6084,-9.2022,-6.101
4.6972,0.8476,1.4744,-2.2643,9.1094,-5.9088,2.2403
6.176,-9.0411,-3.6918,4.0359,-0.5202,-4.898,8.3079
-8.1211,-4.0122,2.0453,-6.9466,-4.3473,-3.2809,-7.1949
-4.6963,-10.8683,1.0742,9.9906,2.464,4.7617,5.8812
-9.4106,-5.6363,3.8628,-4.0243,6.7065,-7.0921,-7.4739
-7.3597,-6.2538,3.6688,-3.9391,6.9364,-8.9956,-8.6394
4.6738,0.4996,0.915,-1.5902,9.0513,-5.2036,2.6843
-9.1811,-1.4353,-0.0207,-8.3273,-4.1873,-2.4651,-6.2162
-9.2698,-5.8712,4.4312,-1.8218,4.8753,-3.2355,-3.2389
4.975,-9.4098,-4.2388,-1.0157,0.4667,-9.339,-6.0818
-2.3241,6.824,-4.9428,0.5991,1.311,-4.2443,7.4736
-7.8079,-3.1306,1.4906,-7.1123,-5.1979,-0.7069,-6.7358
-4.0947,-7.2807,-1.0154,6.146,6.2224,4.6263,-2.284
-4.0208,-7.7285,-2.061,4.6874,5.317,5.8723,-2.6803
-9.3557,-2.178,0.2697,-6.417,-4.6545,-2.766,-7.1687
6.4124,-6.1051,-9.6261,2.0347,2.2632,-4.6558,-5.6005
-5.4963,-10.0772,1.4086,7.671,1.7314,6.4202,6.939
6.0293,0.6533,-0.9644,1.6388,-2.3123,-2.7573,1.9092
7.0328,0.2705,2.0219,-3.1909,10.4043,-8.0735,2.3118
-2.9397,-8.8464,2.6053,9.9194,2.5686,6.2849,6.2837
-9.2761,-3.0167,-0.3368,-8.0206,-4.8778,-0.2107,-6.9343
-4.7671,-9.9401,0.2084,6.1548,5.6018,4.4604,-3.3134
-3.5076,7.7086,-4.7648,0.5493,0.7927,-6.169,7.7266
-7.0563,3.6676,2.9617,-4.041,-4.7708,-4.4369,6.6368
-5.4018,-8.4217,1.5431,6.7062,2.8886,5.7647,6.0848
6.3025,-6.1834,-10.1428,5.238,4.7023,-8.3362,-4.4168
3.7437,-4.7201,-9.6687,1.9913,2.6098,-4.177,-2.3509
6.3599,-7.7118,-3.1953,-3.094,1.029,-9.7685,-4.3786
-3.281,-9.0507,2.532,8.0894,2.8752,8.5364,8.2827
-0.1814,-7.6257,-6.7271,-1.003,-4.891,2.5477,-4.9046
5.6501,-7.7843,-3.1493,-1.4541,1.4689,-8.3792,-6.1219
4.3133,2.7137,0.6905,-0.0166,-1.5916,-4.6651,3.7698
-3.3808,6.4282,-3.1529,0.8658,1.961,-7.0664,6.8063
6.629,-8.9984,-3.8548,-2.328,-0.2895,-9.3004,-4.1668
-2.3026,8.2286,-5.437,-2.044,1.2461,-6.4624,8.9202
-10.6845,-6.4719,5.4992,-3.0254,5.3422,-2.7601,0.6683
-8.6743,-4.3677,3.2353,-4.0754,6.4786,-6.1277,-7.8131
-4.1483,4.3522,2.7092,-4.6491,-5.1463,-4.2705,7.6124
-2.9054,-8.0609,-4.3411,-0.4762,-3.0987,2.1937,-2.841
5.5472,-7.2092,-3.6,-0.259,0.9831,-8.3767,-5.5269
-2.5675,-10.6079,-4.6178,-2.2902,-2.9746,2.689,-2.6004
-9.36,-6.5144,4.766,-3.133,4.7842,-4.5426,-0.1703
5.5803,2.1149,1.368,-2.5499,7.1468,-7.0288,1.9006
-3.3504,-9.7628,-5.6094,-2.0713,-4.0752,1.9249,-4.1833
-6.6198,-9.6086,1.5403,6.7676,5.9881,5.4364,-2.967
-3.1473,7.6126,-3.6206,-1.0888,2.3533,-5.5281,8.1361
-4.9624,-10.2773,2.503,9.0489,0.7053,5.7196,7.0792
7.2264,0.7396,1.7616,-1.8881,7.7513,-8.6533,1.2421
-5.4979,-8.9136,2.9569,7.8776,3.4382,6.5201,6.1231
-3.5214,-8.8215,-4.928,-2.0272,-1.2757,-0.6649,-4.3511
-9.097,-4.2243,5.1746,-4.9599,8.9858,-8.8818,-6.974
-6.5192,-5.8667,3.4675,-3.4644,8.405,-7.6359,-6.6669
-6.4702,-10.1982,-0.9942,7.9152,5.1682,5.2912,-1.314
6.5572,-5.3225,-9.5461,1.3874,3.8731,-5.6981,-2.7598
5.731,-8.0638,-4.3118,-0.9609,1.5174,-8.1143,-5.3928
4.5217,-4.4568,-7.5469,1.8641,3.3632,-4.3405,-5.8239
-2.3048,-10.0583,2.4099,8.9245,1.881,4.3309,6.9338
7.1882,-6.9533,-0.7186,-1.3517,-0.0908,-10.1424,-5.8394
-5.2859,3.3504,2.8342,-5.0604,-4.8635,-4.3979,8.0398
-3.9835,9.7385,-3.9883,-1.3385,0.7269,-5.2818,6.9866
-4.8291,-7.5112,0.5706,6.025,5.3888,6.0972,-4.1808
-7.9036,-5.2934,5.8233,-2.7303,7.2936,-6.8478,-8.0269
6.228,-6.5081,-4.9781,-1.1984,1.0754,-9.2,-7.1023
-9.6651,-5.389,6.1254,-3.0949,4.2788,-3.833,-0.4266
6.1842,-8.998,-0.2276,3.8598,0.3713,-4.1099,9.9219
6.4581,-5.5815,-7.737,2.5006,2.6925,-5.1589,-2.0369
-4.7922,7.8846,-3.8504,-1.0397,1.048,-5.3004,6.643
2.8621,2.9381,-0.2622,3.2952,-2.2722,-4.1703,3.2808
-3.7296,5.7715,-4.1734,-0.4125,1.3987,-6.8925,8.7215
-5.3767,-9.5785,2.8568,8.5443,1.3942,6.023,5.8017
-8.2404,-1.9318,0.6014,-7.7458,-3.1971,-2.6801,-7.2099
5.626,-5.4679,-8.9953,2.4279,1.6794,-3.9436,-3.2535
6.0922,-12.3062,0.0107,3.2942,0.1389,-7.1638,8.7333
8.0473,-9.7753,-1.2756,3.6283,-1.3856,-3.9444,8.9057
6.0308,0.4565,0.1901,-1.088,10.651,-6.1971,2.1531
-5.1211,-9.5342,2.3646,7.246,3.27,6.3474,6.504
-3.0462,10.2099,-3.7923,-0.3664,0.756,-4.7305,8.8241
-9.3063,-4.6441,3.5636,-2.9016,6.5611,-2.9999,-2.2163
-4.339,-9.8228,2.649,8.3852,2.7485,6.6847,7.5194
-2.748,6.6282,-3.6516,-0.6781,2.3715,-6.2238,8.6539
-1.8486,8.0922,-6.2496,-1.9292,0.3817,-6.2974,7.4234
5.8336,0.8561,0.1289,-3.2741,8.6743,-7.5721,3.1037
5.0712,-9.6131,-0.153,2.6306,-1.7172,-4.8192,9.8436
-3.9761,7.2175,-2.9398,-0.3363,0.6516,-7.4635,8.273
-5.6046,2.5568,1.0611,-6.1625,-5.7124,-6.9454,6.0717
6.5014,-7.0046,-11.1963,3.1603,3.8072,-4.7437,-2.2729
-4.8051,-9.9189,3.2455,9.9461,1.0912,6.3975,8.0606
6.7398,-10.937,-2.0379,3.212,-0.8779,-5.0375,11.647
-5.4141,2.7352,2.2846,-6.2552,-7.7989,-4.7096,8.0617
-7.3925,-6.1456,2.857,-4.8272,6.9514,-6.5335,-6.3275
-5.9302,3.1519,1.7292,-3.5481,-7.5666,-5.0759,7.0967
-2.5613,-10.9524,-6.3909,-2.073,-2.5783,2.7742,-2.8001
-4.817,-10.045,-5.6146,-0.9422,-3.8541,1.279,-5.5927
-2.3709,-9.6824,1.8933,9.6826,1.8522,6.1092,6.8323
-4.19,8.5271,-4.8466,-2.0038,1.3154,-3.6404,7.0493
5.5094,-0.1917,-3.6743,-2.6746,10.2396,-6.875,0.9442
-8.4625,-0.695,1.4785,-9.0637,-4.7277,-2.1436,-5.2864
-8.0671,-6.4009,6.6999,-3.823,5.4574,-6.8205,-8.9119
5.0791,0.2229,-0.5668,2.8999,-3.3436,-2.4125,3.4465
-3.5233,-9.2679,3.0414,9.248,2.9743,7.4039,5.9466
-7.07,-5.1642,4.8317,-4.7825,7.8402,-7.0985,-7.1179
5.6748,-6.409,-11.0639,3.2777,1.8225,-5.2283,-4.3075
-6.647,-5.8749,4.6527,-4.8438,8.6551,-7.3448,-8.6767
-0.7437,-7.8778,-7.1405,0.5965,-3.2126,1.6598,-2.0877
5.1289,1.8882,0.2517,2.4748,-2.3234,-3.7048,1.5444
-9.9505,-2.1585,1.487,-9.1273,-2.5197,-3.4502,-5.756
4.3167,-9.1788,-3.5028,-1.4737,-0.0212,-7.154,-3.0183
5.6905,2.3749,1.1121,-2.0768,7.7864,-7.7106,0.7192
6.9363,-10.415,-2.2112,4.1178,-0.5734,-5.5637,9.6428
-3.3755,7.313,-2.8183,-0.3442,1.5397,-5.565,8.6863
-8.1413,-2.2542,1.4717,-8.172,-4.1878,-2.0829,-6.9388
8.1064,1.0577,0.3551,-2.3738,8.7469,-7.4113,1.5448
5.6674,-9.4275,-3.6662,-0.0417,0.713,-9.308,-6.0363
-8.0412,-2.4398,1.255,-7.0267,-3.5558,-3.1481,-6.7243
-1.58,-8.2889,-4.6235,-1.3786,-3.4646,1.6425,-4.8663
-9.2874,-1.1592,0.4431,-9.1624,-3.2843,-4.1177,-8.5932
4.7235,0.0837,0.0902,-3.3553,8.363,-6.2273,3.7181
5.982,0.9612,0.3152,1.1966,-1.8104,-2.3067,3.0894
6.4892,-6.8995,-9.5153,0.5029,2.5247,-4.7656,-5.0955
-9.5057,-4.5604,6.9268,-2.2935,5.276,-4.2749,0.4759
4.2104,1.9611,0.0312,2.9431,-1.3114,-4.09,3.6394
-6.069,0.9646,1.6382,-4.1753,-3.994,-4.4944,8.321
7.6357,-9.6741,0.4138,3.2538,-1.72,-5.8012,8.9367
-4.1499,7.0256,-4.9862,-0.4949,3.1607,-3.9836,7.2745
7.0309,1.2254,0.7667,-4.6728,7.6953,-7.2441,1.0255
-5.9414,-10.7315,-0.1489,5.6423,5.8367,5.2097,-1.6268
-2.6216,-9.199,-3.6079,-2.5021,-3.4431,1.6537,-6.2061
6.423,-5.4104,-9.3888,0.1696,1.8064,-5.2752,-3.3203
-5.5983,6.2808,-2.3228,-0.0527,2.561,-5.1454,9.4468
-3.9185,-8.856,2.9958,10.9681,2.0456,4.3931,6.5847
-5.6805,4.2548,2.197,-2.3842,-6.9268,-4.7982,9.1631
4.9477,1.921,1.8505,-2.0677,7.863,-7.9839,2.0834
4.4041,2.2759,-0.506,-2.1168,8.4311,-5.6451,1.4323
3.0651,2.0005,-0.3825,0.9156,-3.3937,-3.1634,0.7199
-3.3828,-8.4439,-4.4375,-1.1413,-3.4578,1.1333,-4.4119
6.2299,-1.7796,-0.1307,-2.5358,7.9822,-6.4617,2.5677
7.2909,-9.1758,0.0499,4.4139,-0.0247,-3.3456,9.2834
3.7395,-7.6005,-9.7643,2.4498,1.1741,-5.7733,-3.3791
4.9244,1.6227,-1.1085,2.5283,-1.9196,-5.2666,4.7228
-3.0639,-7.1861,-3.5337,-1.0344,-1.7465,1.279,-2.6445
5.0461,0.8976,-1.3014,1.0383,-1.8504,-6.3705,3.42
4.9861,0.1031,1.2521,-1.3991,9.5434,-6.946,2.1767
5.5789,-8.5636,-0.9295,3.1215,-1.3271,-4.7618,10.2101
6.6095,-8.1719,-4.819,-1.7583,-0.1504,-7.8903,-5.6671
-9.8692,-3.767,1.6243,-3.7182,5.7885,-3.3142,-1.0941
-3.4159,3.8552,2.6023,-4.3184,-6.412,-5.2555,7.7363
7.7043,-8.0253,-1.7617,2.8333,-3.2843,-6.173,8.3743
-9.362,-2.0879,1.2251,-6.5815,-4.4122,-2.9271,-6.926
-4.5255,-9.3138,0.577,6.845,3.5786,5.2085,-1.0484
-4.0384,2.7003,0.2939,-6.3803,-5.8601,-3.8698,7.2356
5.0061,-0.1423,-0.2003,-2.9874,9.2206,-6.7953,1.4688
4.8442,-0.4594,3.2244,-2.3944,9.2231,-6.0879,3.8244
-5.1883,-9.8076,0.555,7.5598,3.1423,5.5619,-2.3722
-4.5765,-10.8918,0.1492,6.7859,4.9325,3.9591,-1.9916
4.6335,-5.0911,-8.917,1.809,3.2056,-4.0479,-2.8615
-3.4936,8.3635,-5.3897,1.5574,1.509,-6.0962,7.9489
-10.2451,-6.1294,4.3092,-2.2796,4.9661,-3.0286,1.0245
-4.6559,2.6089,3.1254,-5.3916,-7.142,-2.6339,6.9664
5.5416,-5.0456,-9.5326,2.7584,3.9109,-4.0896,-3.673
-4.736,1.5567,2.5781,-4.1419,-6.3224,-5.9909,7.2158
-5.4739,-10.3775,1.845,8.2125,3.8801,6.6655,7.2785
-9.1419,-6.6818,3.9706,-3.8209,3.6483,-2.6563,-0.2735
-5.3146,-9.7554,-1.1233,6.916,5.4968,4.1368,-1.8044
6.8303,-8.3596,-3.7635,-0.5225,3.0122,-10.2021,-4.3788
-7.0455,-1.9044,-0.6714,-6.3829,-5.4836,-3.3387,-8.2046
-6.5811,-8.1549,0.2397,8.363,4.8432,5.9235,-3.8754
-8.7984,-2.069,2.3046,-6.2207,-2.8783,-1.5719,-7.4352
-4.058,8.3451,-3.2594,0.0877,1.8345,-5.3838,7.5975
-7.1369,1.8962,2.7394,-3.7493,-5.0043,-4.8728,7.3191
6.3268,-8.5961,-2.3477,-0.6475,0.3119,-7.0176,-5.3378
-3.9971,2.2673,2.0005,-5.1771,-5.6092,-5.4899,7.2982
-8.2709,-2.3459,0.5819,-5.247,-4.921,-1.39,-7.2691
-4.0015,8.1207,-4.3361,-0.5684,3.1029,-3.8058,8.4354
-8.4015,-5.388,3.3323,-3.2174,7.6836,-6.796,-6.9258
-7.2677,-4.624,2.956,-5.0578,6.6887,-8.3153,-6.1064
-4.5315,7.2471,-4.1827,0.6241,1.8383,-4.8213,8.5736
-5.7095,-10.8064,-0.1793,7.8438,5.0427,6.5866,-2.9411
-3.5109,7.986,-2.4345,-0.7421,2.2432,-5.1047,8.0842
-4.1846,-10.6237,-1.7218,5.5022,6.1731,5.4469,-1.9418
-4.5804,2.5085,1.377,-3.5992,-6.4534,-3.7048,6.1233
-2.8729,-9.4116,-5.5299,-1.4931,-2.6484,1.5794,-2.8537
-3.8907,-10.2596,0.0488,9.7478,2.1223,6.011,6.6993
7.0142,-11.441,-0.9378,3.5013,0.0051,-4.9309,10.194
-6.1694,-1.4613,-0.0473,-8.5898,-4.2704,-2.1525,-7.9872
-3.5786,-10.1067,-1.2244,6.5561,5.9845,5.2342,-0.786
-2.0397,-8.3926,-3.8278,-1.116,-2.5697,1.7975,-4.4638
5.6356,-7.1924,-4.7557,-2.4315,-0.5842,-9.7648,-4.6423
6.7264,-5.8635,-10.9751,3.2795,2.7547,-3.0031,-4.2919
-5.4429,-10.5901,-0.0404,6.4153,5.7764,2.999,-4.445
6.2124,-10.0677,-1.7671,4.4549,-0.3475,-4.1636,8.9291
5.265,-0.1011,-1.1874,1.6972,-3.1889,-3.9502,2.3459
-8.2916,-5.6532,4.7111,-5.2505,6.3428,-7.0653,-6.0937
6.0295,-5.8792,-9.4339,3.5078,2.466,-4.6248,-4.9489
-2.2231,-7.6875,-5.6493,-0.3976,-2.9314,2.9676,-3.3303
4.5735,2.1902,-0.7946,1.654,-1.193,-4.187,3.0828
6.1307,-8.2488,-1.5615,5.0062,1.7273,-5.9898,8.7082
6.7419,2.9443,-0.1431,1.8732,-1.1731,-2.4563,1.7558
7.3493,-7.8763,-0.6963,3.6007,0.2361,-4.9621,9.6245
4.7952,2.1612,-0.0119,2.2712,-1.8959,-3.3975,3.3782
-1.8809,-8.172,-3.4667,-0.4413,-4.0655,0.0932,-4.5964
-4.2662,-11.6105,-0.8903,5.8379,7.4208,5.3195,-1.7404
-6.8631,-8.8254,2.7997,9.5464,3.67,7.1008,4.7849
3.3905,1.4022,-1.3079,1.8971,-2.6876,-4.0089,3.7723
4.3882,1.8851,1.5945,-1.6338,7.6887,-6.8186,2.368
4.718,-7.2598,-3.9099,-1.8005,0.2281,-8.0677,-5.7503
4.336,2.4659,-0.4293,-1.8916,8.0453,-6.5453,2.1644
-10.6823,-5.4063,2.7426,-3.9798,5.5696,-2.8363,-0.7172
3.6526,-8.7124,-3.3829,-1.3895,1.2413,-9.9669,-6.6497
6.5202,-10.1139,-1.8829,3.2962,-0.2016,-5.908,9.5595
-10.8717,-5.8939,3.7179,-3.6202,4.2575,-4.3792,-1.9504
4.7891,-1.0003,-1.5067,1.7606,-2.499,-4.1045,2.4495
-2.8688,7.1036,-2.9919,-0.7401,2.0346,-6.406,8.285
4.7059,-5.0142,-11.045,2.4103,3.5753,-4.7876,-4.7526
6.2505,2.5168,-0.4843,1.4073,-1.9683,-1.863,1.5888
-6.0474,1.6048,1.5199,-5.4362,-5.6155,-4.385,8.6832
-5.0919,-10.1806,-1.233,4.9653,7.0301,4.9449,-1.2401
-6.9269,1.9489,2.0933,-4.1138,-5.1406,-4.528,6.364
-5.6394,-8.6098,3.3909,9.8869,3.5775,5.9895,6.1003
7.9115,-7.145,-2.472,-1.4515,-0.1238,-8.3064,-4.8941
-8.3611,-5.9215,4.1089,-4.6369,8.4511,-6.7004,-9.1547
4.8793,-7.3613,-0.4126,3.0043,-2.2225,-6.0279,10.5875
7.4379,-8.7327,-3.538,-1.1443,-1.2461,-8.7904,-5.629
-5.2123,-9.203,3.2222,8.6078,3.2305,6.7173,5.6443
-2.7009,7.7619,-4.6775,-2.5591,-0.4061,-5.2248,7.9679
6.0308,-7.6064,-4.4685,-2.8127,0.8932,-8.9211,-6.8278
-4.3186,-9.201,1.5322,7.6635,2.2804,5.9673,6.6069
4.7638,-1.905,-0.6723,-3.0773,7.8717,-6.3469,0.3848
-7.755,-3.0691,0.361,-9.1311,-4.942,-2.8671,-8.5544
-9.3807,-4.9554,1.7225,-1.8047,4.7426,-2.5974,-3.3128
3.4935,1.3137,0.5529,-3.5705,6.4783,-6.1827,1.0113
6.9073,-5.523,-10.0531,3.8751,1.1188,-4.8951,-3.8651
-9.0108,-3.6447,-0.1908,-8.1514,-6.6029,0.886,-7.7321
-11.5037,-5.1817,4.8103,-4.0823,5.0002,-4.0996,-0.685
6.548,-9.3017,-4.2959,-1.0979,0.2388,-10.7326,-4.8793
-6.6621,2.2331,4.1053,-6.3772,-6.8313,-4.2522,8.0639
-4.9035,-10.3745,0.3442,9.0914,2.5907,6.9856,7.4189
7.4408,-8.8213,-0.393,4.289,-1.533,-5.8356,9.8695
-1.9414,-8.1164,-4.7428,-0.3605,-3.4309,0.1183,-2.0958
-8.5132,-2.4224,0.5641,-6.1924,-4.18,-2.1258,-7.3719
6.3653,-9.7438,0.346,4.2784,-2.0411,-3.8432,7.5548
-3.1056,-9.7868,0.699,7.8827,2.6057,6.5721,7.3035
-3.9188,6.8467,-3.6741,0.2348,-0.4229,-4.784,7.6337
-9.4928,-2.7574,1.0184,-7.3733,-5.6871,-3.2746,-4.9854
-4.1402,-9.3469,-1.6777,6.7296,4.8848,4.6132,-2.3356
6.602,-7.6247,-3.1555,-2.6348,0.9573,-8.6223,-6.0044
7.5034,-10.3873,-2.7578,-1.7917,0.3647,-8.8717,-5.1023
-9.492,-6.2884,4.8779,-3.8448,4.9721,-4.0251,-3.1456
-10.1481,-4.1844,3.7342,-2.8763,6.2828,-2.4026,-1.9649
-11.3684,-4.3188,3.0187,-3.216,4.8107,-0.449,-1.6333
-4.5851,-9.4829,2.6841,9.1485,2.6133,8.0353,6.7391
-5.117,-9.8955,0.4028,6.0673,6.9909,5.1498,-2.3998
-6.3899,2.9121,1.9212,-3.9959,-6.3016,-4.8701,6.0707
4.2465,1.4634,-0.5714,2.5311,-1.0699,-3.7235,1.72
-6.1384,-5.819,6.3697,-5.372,6.2821,-6.019,-8.1438
-4.7894,-11.3073,-0.4691,7.537,4.8542,6.001,-4.11
8.4186,-0.1403,0.7965,-2.6426,9.3005,-7.4275,1.8668
4.8006,-9.5548,-2.8985,5.7539,-0.4555,-5.1475,11.1412