1.799539332565984,0.4326804862532766,-2.600307010467007
-1.2739936190336012,-0.5804852958761453,-0.9444030808070778
-2.2030616027176957,9.325793841393276,0.7962003245648717
0.6215497291380269,-0.5333788109863666,-2.7277035822646747
1.1005225044579543,7.581908110496515,-8.397629512518456
-5.773545060813829,9.777339530894482,-4.919787394648161
-5.38034396176697,5.589853974362306,-4.951548759033246
1.8119876388036444,0.4049846536979478,-3.321725332210927
8.858723405877651,-7.8667824762974226,1.221429088190519
-3.308217266226051,-2.598517729762338,-5.2926675857880525
-7.2871739486693485,9.045126822511751,-1.5615277916978125
-10.250667457525722,3.4216382372500322,-0.11423722658271857
2.593740563346903,-3.910691820817496,1.784313254993495
-2.081432048545985,3.949575226025151,-1.6429816601549851
-3.332467611722646,8.617819691602664,1.0210930203737805
-7.130780979583808,4.219528882905166,8.245065939633523
-4.087414046142834,6.226496492004149,-1.4679342061493128
0.6332464699798517,-5.504263097847188,7.5682328708099424
6.9295688024252176,-6.875744787936915,-0.12233797453235207
-2.671740811070762,-1.6416995562616752,3.4617145764704818
-6.432379809742869,5.619790969091688,4.195601371355547
2.6942017239150218,-7.661721114151005,-8.692838359708606
8.85398918492484,-3.5403503161886594,3.0121415101131257
-2.7464556771957684,-2.1492636744537936,6.158839335181413
-4.349604761163249,11.440094184721124,5.555687990747707
-6.449296419757255,2.5449698055325207,9.444173806776805
-6.9796296493355525,9.22316946274906,-0.7194615448468619
0.06578101091760447,0.2874058453056215,-1.6575815923744202
9.447536731746336,-8.825705764945278,0.0472416515339662
3.2848325677109544,2.445125873062211,-4.331961917629068
9.392959849353177,5.638928730654388,8.493909463714104
-5.909506729239578,-1.712154177394491,1.0145226742748081
5.924760851761616,-3.891177917383793,3.468034637509146
0.2166126987992163,-3.7260781702593073,9.680850542220304
6.618691355660192,9.084419135561255,2.4911771655842596
7.037055736267254,-6.4270916974534495,1.2138190110418243
-3.7152209079031744,8.311127099982265,0.8822443895728069
1.8287822462003054,-4.473490687073901,8.836902422530953
-3.194455618433818,-6.4740943039180205,-7.699596401164481
-3.1596200845092888,7.273764123810704,7.355806290311034
10.939825274052493,-4.279708911732268,2.665868464387181
-6.831629633776576,3.4259345780149717,-4.532338049637678
-3.88117559850516,9.172986173446315,1.0264477593775434
1.3925618688071801,-7.225615262304521,1.0726963076309346
-8.384128577403041,2.261654003351282,8.8480149504692
-2.797840814242829,-3.149726661150189,-5.400418855374297
-6.417090308017091,8.334902001325682,-1.0191330699159122
9.144357239707624,6.694902198742059,2.148895818232345
-7.427800037566923,3.897349508438859,9.542128007846152
5.9500421895861715,6.61931485196065,4.520560596332751
-1.3054054409541478,10.071995297182415,-0.9237621141215433
2.4628625290017574,-3.747491895953401,4.257444111117648
-4.103323231751993,11.916756930213804,5.481759751219264
-6.62837269197709,-8.895130155973899,-7.289630682009476
-4.594839886749849,-3.1662219708572956,-3.5946617064301476
-10.300990431507042,3.0838380678985087,-0.12385123934555142
1.7985943844827204,-5.611542260606228,9.020466842499996
-0.712397818191733,-7.607888507786782,-7.633051020037704
0.024136725534707623,4.960407903927228,-8.848530716592949
10.614249993422368,-8.240603646618538,1.7495056445479589
-0.95515214636262,-0.4976480941287209,0.2851216321012182
1.901462059192858,-4.108749345702096,6.4219064284748
-7.6435539212978805,-9.686899534657632,-8.47765343744105
-4.695518734528883,6.668200284133884,-1.0688198453484703
-1.7455287294563429,7.439278788539693,7.004901324132609
3.4349816681030183,-0.9141008093470662,-5.188777438874327
-4.926098994948414,3.305142352008472,5.177825823647494
9.660153712068189,4.830258703151149,8.847160706936172
-3.615365099893598,8.644690672337331,6.914868010181416
-10.14470064560744,-6.885820978395781,-5.691986444084757
9.641334131090177,-7.746157065381258,-4.489668598311345
-1.7404158104584722,8.471122702031918,0.9039071127646802
-0.9701934359294373,9.56829254551119,0.10124534653290677
2.5336130851118437,0.8858458183544837,1.3868521916333607
-4.216103589417998,7.302149764234494,3.927591480747494
2.6756487464605185,-4.567820956325981,8.883851274213324
3.5914576508204985,-4.93205744683536,4.787931880202165
-1.8420487535173202,-0.8362009374886272,4.3223865999997235
-3.5181645372709474,9.400250277874479,5.071867465599242
-0.8908172836356456,5.4339006399471375,-2.8440577803908154
-3.0209239988107317,7.475468819785531,-0.7548463497365383
2.5390532373723422,1.9587709861980453,1.6914268572369635
-6.220397130650575,0.042872431009049805,9.535889490739642
-6.85363040055493,7.648826777583945,-0.9289936308329036
1.1758254629546285,-6.202345335134538,9.110349161751138
9.119172922463468,7.042486420151196,9.657666000951135
-7.038136781510103,2.1898286703640077,8.425779024530936
-11.423100063484043,2.9839688869058083,-1.1158565548122679
4.981237994171961,8.801098478866576,6.149773125794217
-9.45958897064014,8.001357383017101,-2.3239735766928282
-5.918980349099574,4.009873733938644,0.033412637559267044
-5.018471023797363,8.030388213373039,-4.070576148888135
0.15432979027647342,-4.5492481368453355,-0.422609407466049
0.30158535943688936,-1.0396460530250227,-0.6527473223101438
6.370472444896052,-1.4223181935144578,5.364437594626347
-4.211264101534262,8.649599171784203,-3.102293053537106
-5.7344100129202005,2.180592556101926,6.5528630589068975
-1.7360753924548407,-3.3686575338403966,-3.7949349364948097
-0.3513579681474559,-1.9108849120335982,0.41490804105428136
2.713194003143346,-6.200516112911629,8.581884444181249
-1.4423423369861534,-1.7096423848300246,3.2095562236374766
-2.9635754396583707,-3.5656400965062316,-4.766805166808723
-5.878797408548606,-3.1684153991235235,1.4992815053496298
-6.567773093398291,-7.907804030837812,6.376779882607342
-4.1975604243185245,8.099434048909588,7.443969646325161
4.642252030206344,0.7577407503000182,5.253954730539295
-9.47648731553792,8.991845596221376,-1.6333237406785763
-3.6634557040086673,8.842315960860363,5.489113593886781
5.220470768262093,0.12453985528516598,-5.866312747597985
-3.0680800754096564,8.473433097279312,7.652236077031868
-7.063532501790962,4.205022941949859,-7.16094191939268
-3.1011967785476586,-4.654844177361624,-4.3991412959284135
4.799157168225346,-5.989889537651573,0.8577948916542846
0.9779062235969089,6.735658776032649,-9.579983562467243
-8.509430682451029,4.165571845590765,-1.8026251613433657
-7.902632707268348,-7.4228677781939805,-6.132069435604047
4.419397129811024,-6.622388209026565,2.019616381102104
7.382762775671219,9.463169195353466,4.163731433929023
6.873668710948442,8.85212150737188,4.962440464708652
-7.556205633765753,-7.785326184401515,-9.139809280294319
-2.490316226049121,5.03282822630747,-0.04483295317640823
-5.846305236407897,7.732840049229187,1.2628343640805106
2.861135758000894,-0.3645480390737328,-6.509853687091447
-6.526845710618049,4.267275638848724,5.632124151101879
-3.535864894742466,3.8763218792995993,-2.0444575266681007
-4.909217836542592,5.059777765733291,-0.8077327834469314
-1.6090285478375643,-0.11833468314132012,6.153491356864198
9.323917459109424,-3.502490674792214,3.624376824874037
0.7661156338061086,-7.8175761636736745,-8.514779429051282
-1.1832924884759497,-1.0881222542066433,0.9062434000209703
0.4399065775662377,-9.25169796012307,-8.53370225143984
9.157633977959527,-6.107999366911528,1.9365939171773467
-0.933342534503729,0.6219153497158086,-0.5781013600577181
-4.580621096503226,-2.80474263621326,-4.74371215990661
-6.665550699747189,1.837910507802945,-4.515284424957681
-6.154236358836515,-5.3297797627341374,0.6635341493448427
8.400622496994343,-4.702678970261838,-4.093046538598915
-6.274552209002205,-8.149989118195421,-8.009619028771672
-6.944338242392433,2.5208080891225317,9.145065352967508
0.16093875232726634,3.8334883022935395,-7.62178932365003
-4.278883237820672,8.03316101230553,-3.42973687448142
-2.5303955565761367,9.260799464528928,0.1668197872732966
-3.506759482682248,7.772959671735039,-0.266649259729153
1.85442060311623,-4.43108678520464,8.6505121592693
-6.810540676731656,4.421097535944045,-6.21884703921053
-8.655192742651979,9.315041222250175,-3.3965606745705808
-3.694789892227389,9.251112160617803,0.332540635155779
-1.962129644454068,-1.533329211392279,7.986267694984842
-6.8905272452246,11.208922561865714,-2.686379524950398
8.741651897744124,5.4876068681377985,9.56108573877609
6.44701367259551,-1.7843562847096344,4.321820723264901
3.434265285044644,1.8382155369135629,-6.156113035067314
6.613855290427826,-2.0851398530058316,4.045426615713977
7.507203606055651,-4.641538490790513,2.77298710920351
-2.31221124384181,-4.262493662378146,-4.440216860226889
-9.57229363942468,7.960581263647152,-1.3600314553425492
7.404044399805716,5.300976010444125,8.504933687334947
9.1883218484936,-2.5988325751422976,2.812541480608717
9.749184532683776,5.63935096384728,10.144591956825174
-6.020085388198358,3.8409733743640304,9.207979922889193
8.795201361474282,-0.636318453836227,5.47057288161831
0.9568404169948599,-5.549116436371035,-8.852744759103397
-9.248163320657943,10.043753619823812,-3.5697292388013238
2.7184677996011994,-9.146336653253863,2.3133512173038615
-2.8662166279770056,-7.582000921113898,-5.967851841685085
4.552210492975886,-4.423557171318915,3.1071905267297177
-9.983288569443415,2.343805107473579,-1.3400454567195588
-5.629560387542835,3.770034565138155,7.468520203979268
1.0586022490454776,-4.112601883382058,-1.0637877054006384
-5.920041380828756,5.391993587552801,-0.4147845314730155
-6.219774543866132,-7.093143773512056,6.496909804943712
10.702544361722794,-4.562041653068112,2.1335867021988006
-6.635082352544829,1.2260686778234375,-6.08460625080463
4.418760877656848,-3.8387715992687266,3.8468060119073297
-5.184404580429272,-7.434154840002332,-8.267886019671213
0.4936156292116223,3.759387449728795,-8.122967309503203
-5.522198509072249,5.288712746395621,-2.075718580729837
-7.290006574832192,7.6582784771901835,-1.6458735987088915
-5.933315148070021,4.3989838770418555,-3.9738845960536313
8.931056355151282,-8.069330662124552,1.7332218638874197
4.549955056789841,-3.0959353535546277,7.620330455563979
-7.091703719583908,6.428893595789883,-0.24043161139098534
2.0757999262930396,1.07173046387808,-2.7892370548915335
-6.220124227858606,4.168152559315266,-4.549495969549418
-2.5029223536911394,-1.7202146046647206,5.0035495300031645
-7.47930047669087,-8.172351805985047,-8.531256498923934
-5.384891974798432,-3.223511129231931,1.3244711886650187
-0.6740257521495066,6.021880157167329,-8.971649885158978
-3.065823076531422,-6.32866891447068,-5.531690989921127
4.442829863245886,-0.3355006995868761,0.9106310853523307
-4.310824049020041,5.314125330936983,1.7263932437518754
-2.076933838556747,9.501631682331693,7.147371221646727
4.449890403969483,4.732264026803195,3.749130141729544
0.5672066706238218,-4.491740454533975,0.4300034406477846
3.683306481467362,0.956445005661606,-7.270633541912488
11.11830998154025,5.606954900950383,9.41976958192531
3.2428874933374443,-7.232291385361453,-0.010506487844127221
4.4297284479486345,-0.050333109808289034,-6.317940869124045
-3.6271021702724724,-2.4215645787476063,7.837119552077049
-6.5366238872648665,6.1761190233317365,0.1412747597267704
-7.78679487161512,7.916364239885908,-2.573729094917911
1.1167988871793124,-8.565461037461661,-6.988114342404177
-4.332829403547112,5.074522076459737,0.13717946629487687
-3.4193852298315903,9.434032944255552,7.685707656821728
-1.8351942816996276,9.41075844160834,-1.2324956936032199
-1.2776701642351893,8.121063943965902,0.7045234348720162
-2.6809442381861848,-2.879037753274912,4.905109576843724
-5.075108488891132,10.667873391719692,-0.0304823788716784
11.112445764627111,-6.711546432511886,0.7950321198608664
-5.963275165989727,7.524492291817907,-1.6216714068392772
7.037376516638415,6.6077459830426015,2.7766742527368766
-4.591141882277036,-3.8568130722153815,-3.121668844724215
-4.8200037973196785,4.2010219693095845,-0.2640344582042762
7.562936340534703,-7.893077534873283,2.6451858816660336
4.842978754501482,0.5426087593729412,-4.341907652729855
-3.844954269077348,-6.484717449583286,7.569008054188365
9.315753184623338,3.870349071852966,9.032818947953908
-4.629658812698979,8.412270874852407,7.152251795873864
-3.083997551206879,-4.097854001445537,-3.9045430096527007
-3.5692424764419948,3.932955555610521,3.7847762634243898
-0.693362713771974,4.81287229925921,-1.8922412638404187
-2.93808369595381,5.936017975667127,-0.003931353225611556
-4.64994154446908,8.477155747823796,-0.005150121395620294
5.301175975074171,0.4082448900627509,2.0434646295382417
-3.703721089224283,3.64685281285871,4.737720363093068
7.268851918240072,3.9084909783620505,4.279939563501266
4.562765671461742,-1.847447302685722,-6.428334536330858
-0.8898263627605854,-9.083925739679158,-8.25276836302973
10.524421061175005,-5.733719574913548,3.2841052103481685
-1.6685073676956188,3.782114823414058,-1.098075428533463
-5.428123633686316,3.5222285675923732,7.390250274972401
4.728770317314772,-3.9405396015191134,4.579400297946424
8.037107649621085,-2.3756632510310896,3.2892619060306494
-4.964847918076179,-2.305587719499623,3.7323565636453213
-4.746175409003135,3.545836411203711,5.753962801468573
-8.830662895884682,9.758424558676541,-0.9286379595380683
-4.091506099189157,8.615799360992463,4.964122369352401
-5.271815881517686,-8.651474778886792,-6.799697824516631
-5.315752987636428,8.369277731033794,-0.13837876596317567
0.49903861972590746,-4.371945980956583,-0.4841916320001606
-4.9837835712919665,6.125389871242277,1.2634087001036909
-5.816473210001306,8.851176920191612,-2.3206816379357784
9.639305948978315,-6.480786286478473,1.3278101305862875
-2.170828097261411,8.15268165387,8.465344420239271
7.8551709972570105,5.65220306163891,9.888831381337999
-5.404690756539681,4.707951712560491,-1.6760879611905295
3.82140149379389,-4.162971344652151,3.8859416474024675
-8.374917076482774,2.6447388891333588,10.25537534470859
2.1754602536744767,-4.311497798272786,7.890959201228057
-8.656963328789525,-8.629645640229015,-5.950151909396049
5.707720868273757,3.524250875841283,3.478808817564351
-5.9317051553618185,7.321989050133538,-0.9288191383092821
2.787857603458323,-2.812167271983495,4.148617120254548
2.955145715298266,-2.753064468989083,1.7730404902401415
3.327698276181081,0.37782201226159834,0.8221306073942554
-2.646272277733364,-3.155964524037523,6.860280066665928
1.160572125476258,-2.8566724358257263,7.284397452665497
-0.36259269912255276,-0.9446340300933004,-2.4177036125000058
-6.611969283432726,-5.160691317099362,7.871893733000574
-9.6980265120939,3.204293970988627,-0.8167606765223382
-6.247366499973002,-7.79440418685112,-8.22384263744101
4.107991928081164,-1.8190929117504344,-7.416138474298386
4.829487667146413,-1.276208846901992,-4.743892781457243
3.7040988654786466,0.40602067925890784,-6.191163305563213
5.514676095272795,3.1500339500487065,5.25363646362161
-4.730226563108416,-8.071700980945241,7.198179851353457
-8.370242590482453,3.8291678335126917,8.103126941547718
-1.3427192803975756,-1.3320371731503085,3.978669114406557
-1.5396114205077245,7.506408070461934,-1.340228840228021
-5.945349481228292,5.926265743278224,-0.923061302727031
6.576768424662568,8.639648478387326,4.987900884713533
-0.7543606915854393,11.623469264009453,-0.31695826970085855
-1.117355601940819,4.8775010492068995,-0.8626893256358841
8.190442546484473,6.362940903901978,8.862502236642342
-5.2052860940739825,7.146499583568703,0.22187414943978667
3.4937188526159444,-2.449703400005621,5.5222174391678305
-9.812336413900804,8.885023615996825,-1.8909666540456804
-2.486174906439013,8.427322818224438,-0.45341313312080855
0.9572319877843902,-1.3977688122549785,0.637250644773161
6.019013483535699,7.431037253849105,5.605447361392072
-5.482979114570748,-7.694004198215774,-8.811948600487115
-9.742519086029748,3.1248293517090553,-1.0568943405247946
5.6467561290153645,9.203816979378166,3.54684864972271
4.27042281787409,0.029039253642811125,-6.7062013830717415
6.1141309994231285,-2.4013363617260413,4.833647122013687
-9.268549484658573,2.9289586751340564,-0.5932260590855085
-6.37255297543002,1.4791790409816974,-5.719768294589198
7.6599241447984925,6.134803578760133,10.093830259796787
4.341386119935473,8.298823683885264,6.941934718997881
-4.293076671775996,10.847161645603812,5.756037963804301
-0.5433968220705822,-2.8398582704105793,-0.2524797445646719
-1.9990048832127152,-5.810067686879394,-8.309003546068645
8.751672960061649,-6.710935946429882,-5.279129425608647
7.914388906692567,-2.881810981542534,5.269681144806185
9.102413283869659,7.156632590493567,10.424823554981055
8.013928190461726,9.479351815592915,3.77798432352317
-3.5246350198471603,-4.383716201432111,-4.308214943853259
-6.660274907620036,-7.847370261406992,7.106412480724235
-7.993504469055901,4.125810978571805,-5.881804704774334
-10.440209562324084,2.1939826991076155,-1.26436749240951
3.670790299890364,1.058350141182114,-5.173230916261357
2.9812445118172572,-6.282891919490562,8.802986705841708
8.038549642552224,5.7126490285606595,11.021936255973827
-1.287978239904376,-3.100638832004555,2.8651887919362338
-6.4050723870326545,7.888021074978385,0.3295079106647678
3.7474821955319837,1.3829323191468612,-6.0312165671543605
2.7953133726792516,-6.8989438190418255,3.3441670775787813
-3.323544476271404,10.42595551661966,-0.3539617125597909
2.130960749937941,-2.1567260721575057,2.8277930802020865
-4.896517838233498,7.735194710367478,-0.9702737071458845
8.339095612423558,-3.4293014353807862,2.3770210659656206
-0.5861519165880686,-0.9642761918115309,0.5726699499808763
-0.9421766484147254,-1.224017544079153,-1.2282212819966083
-9.762562712855035,2.391550227947085,0.42068074603570926
0.34620172277812367,6.051477605430875,-7.360177263980474
-1.8791900388435465,5.311443651462559,-0.31756309120490334
3.0378060712329114,0.2868195841118216,-7.76283468103771
-0.9272631910495173,4.465625726515461,-1.8720026669952232
5.088564898347361,-0.8119677942998758,0.3975611954557533
-0.7596185595793445,-2.0013095836241668,2.3306541679907102
-2.6160453414160636,10.025473713055696,0.3498023184126835
2.723123049968387,1.7283514010107046,-0.3818940506407673
0.30620176269059785,-6.187913311138969,-8.823844862604835
-7.101862819182176,7.842730764097235,-1.7425881197562147
9.082568684204057,-7.1297087334730005,3.547228809998808
-6.797906168263762,-2.646093226369448,1.7276372304001077
7.8977491631252565,-1.0152284983269657,4.653509914747122
-4.378431685986772,2.3252560269323697,5.324038312171379
-3.000737948357862,9.370933341993226,3.6570090751415254
-11.96780769369035,3.1783433196780124,-1.0603209823422421
-0.9999944776123848,9.207513635170473,0.659557344991369
-1.157177001609684,8.207572142409099,0.6493633973286576
-2.508640154370571,4.54999502091516,-1.1758564269972998
-0.5685295051705572,5.628888778476529,0.3025199629677655
-9.242905675498553,4.88967451843892,-0.633523409508381
2.5108051313493194,-0.9881812891447455,0.45520296973331975
7.22560532342675,-3.5722496182502077,4.916153565005477
4.1569063466068155,1.1657211005552433,1.620574941633295
-4.745398587942664,6.108258354407969,-1.5712660267426277
-5.54167866116495,9.219197478266981,-1.0944485264602277
-9.91514096220235,7.9649007234596505,-2.4933247722809058
7.315683911316353,8.049480784481826,1.9573812141994007
4.90099634766117,-2.3350459531087866,4.567198560579687
4.2608986994569635,-7.511510455457688,-0.7072178960251168
0.603171649628458,1.7496409537719801,-2.6174023435650087
-1.468986532880361,5.388402752566346,-9.418230258918301
6.8355909014848155,2.9985510737386107,6.534820870082031
-0.8494843771611083,-8.278759528579487,-8.956833461019228
0.8824468031835672,-1.9009866551339831,0.5252282012420524
8.025302700134281,-3.1306336025199055,4.556196110176748
5.195798560583592,8.990826951488307,4.860528019761513
9.01643432776662,-7.391954898432458,-4.113905599359778
-9.945438090901419,9.028370704705276,-2.7366115198115786
-5.571753598570678,3.0015389759744924,5.38025176368155
-9.621161427185053,9.206238874982422,-2.2620677551078323
-4.572291875069302,9.358003540743628,0.9627509560940538
7.878138220168067,-3.5752638908097825,5.963418900646053
-7.220779656878777,3.5920345607869413,8.986674348440514
-10.370091374912821,4.102065476149696,9.112712168971305
11.257201240839747,-7.833738494328707,-4.5073708125586425
10.711010057039912,6.654053895459661,10.618286233756555
-1.919520332376833,3.7091789414367824,-1.257991794756644
-2.5540484851276797,-7.865477453927567,-6.685558394983481
0.4128157187466938,1.2556452731882195,-1.7489718754791217
-2.638644996002735,9.316269074683436,1.0132520902668074
4.627261872026686,0.6798603702766044,-0.21479754408387008
-2.366108442365687,9.473692592870114,-0.220890333164117
3.054482087140906,-2.91135326235791,2.8806985699412113
-6.19626438124746,-9.053269693340072,-8.263864833406322
2.40692467430957,-0.2803907726595558,-0.8081761980611388
7.550317429152332,-1.2829957976488768,3.9578371056873576
8.775920481002697,-6.623050565226467,-3.0009187869860767
-8.150136140249701,7.775883075870552,-2.623402988832141
2.7953963816212717,0.6052798671307942,1.2461829125341375
10.434317559065713,-6.875138935023154,-2.849279436240474
6.725307793558807,3.928020773952469,0.6205234464190963
-4.943385829237108,3.5436448274235843,6.998786727876878
9.91888216423958,-6.15458452124181,-4.124762715343276
5.48365742021078,7.864104753003426,3.4139465901234507
5.817191697501796,-0.05772245692837563,1.332100776181485
5.329815067139854,8.491576064723553,4.134436471418725
10.967840544202305,-7.360893109146025,-6.040178999798904
-5.476739687778898,5.7456800440783296,-0.30387474812854853
3.7339929708420523,-7.815186428244174,0.9824798589545644
-4.347722546941898,-6.731933566842449,5.918474328393815
-0.6277231785976265,7.623892822846823,-0.12173282574279659
7.684399318561387,-2.3264017381637876,5.577188943197747
8.380048206366363,-5.680656961370239,-5.275609808321325
4.050730217656264,4.1859227624309,5.619174709209083
-3.6241873376082494,-3.6085560315001297,-4.950226300755941
-0.45180365823388907,4.908099798489364,-7.4333429655432015
2.253365157287221,-8.067592464309508,-7.630793430213474
4.536086069646905,1.6328151648609734,-4.546609663185369
-3.414799122014372,-2.137609355447564,7.6649053951004555
-2.2823492320215055,-7.376603488167795,-8.072797995616263
8.824132988049193,-7.108541683214481,0.18431768128516102
8.801467221719072,5.825234713971414,9.452345571534302
5.157517241902141,-6.138698843929943,0.6074993392936308
10.960051864409271,-2.492738139537922,3.4744338698607713
2.8866429016922908,-6.001210717605398,2.1640479083826234
-2.2420011410266656,-6.909314216608734,-8.132310914527364
-2.7025632517398837,7.558926054960416,0.3281590108388248
-8.047448036080386,8.040961254255032,-2.3662387984617816
-9.339718917414077,4.871734658368449,-1.9493983914164914
9.38168154522061,-6.79678291077661,-3.994400054316053
10.038114309970762,-7.3919131499940915,0.10262208803605222
-2.6100164088973408,-1.9734077718475338,5.970244525915314
-0.9869066486575413,6.1369269844977765,-6.986952759313471
10.15998586394548,-6.4008991210132145,-4.627097125985413
5.781690907300845,2.283280604238751,5.892533294129364
4.274263977610688,-0.4924762325634806,-6.536281699530342
-5.280227505111157,5.1582315890190795,7.888319051506416
-6.879421804852252,2.3490643725603464,8.694025312926726
5.162385005811768,2.9160212872458064,-5.1908315690045645
4.990273762753665,9.73584738000321,3.376521659474705
-2.7374362914342845,-1.2691478055553331,5.6969647634996
0.14689195324946847,-1.9024101079075526,-1.5647511940066114
4.157659453669799,-9.771570420125492,2.365959826340097
-0.5729772743697332,8.620418964015727,0.6689381892748495
-5.441203076115739,10.846183841150763,-2.3800495137273696
7.940517071689223,-4.191222039988572,4.296281988764834
-5.250440525145597,4.8386813225747645,0.5901085837211621
-1.4954898848629559,7.88289151362131,1.2936576574062804
-4.9867909023572405,-6.7102228763266405,-6.53365360842583
-0.18209397472591826,-2.0119782715591064,0.22099132658271148
-2.0663199504454344,8.14246269810348,-0.6889974189347541
2.7179301738147994,-7.402562943207358,1.7126180143283825
-6.919050322445818,-3.300422783987047,0.30811027070194386
4.430919681581069,-0.3140276557533048,1.7111520323086429
-3.6279480339209833,-2.7778320747132756,7.366887740516709
-3.9951907325114053,7.89483793448831,7.440274167430838
-7.849629810500907,10.879123882086432,-3.6574039356981016
-3.3020505388329955,-5.827503463770671,-8.620466845467062
-8.904957084899099,4.7512409594624305,-0.1540810867418521
-0.2768051359308611,-2.918881628155871,-0.130322376746203
1.9446336051758186,-6.526894424713607,-7.335842371365011
2.1396980362607376,0.7241455961014754,1.5140002561354384
6.861194368823928,-0.9093771495691438,5.394732999794517
-6.20712322448034,-7.4984940025675195,6.752508974076363
-3.872605181069894,-3.138594998762781,2.6698595039906206
-6.2097177385810625,9.464413878954284,-0.09856869862010248
-2.609669443098393,9.545421354729557,-0.12302987576805381
1.9531318312763344,-7.5700490023121025,-9.0571714750969
9.007082568272683,-6.782537319302547,1.3468034393749602
9.855148370576853,-6.765723616004795,2.3676523393746085
-1.8015776201223255,-5.85299560862261,-6.934706588382955
-4.088012457441855,6.012709102743861,3.7252420754320372
8.08509366428029,7.956648533997851,3.8529223190575173
-3.3853614571799855,-1.557895022457071,7.353681686320654
-2.399199693356743,-0.09804560684338148,3.027128562311437
2.2905516157262387,-6.620373725107488,2.7623923902719425
4.0894151687428035,1.3352562564129316,-5.257155307936682
-4.26828589337938,3.0033430491884126,-3.9953683034741063
-0.3282556569461963,-4.838746136770552,-0.7981984742081997
-4.822680129880565,-6.677754510308632,6.7025426230606735
-8.124300768192914,-8.865483278991052,-8.452230857940156
2.0566076658865464,-3.4735063526433616,0.013416279307889356
-3.0942262028917,8.147059979186407,6.145866750165853
-3.703794084002923,-2.8577497121384754,-5.002688242922241
7.238350399745706,-2.209333270649844,4.563244120954101
-4.005470938268056,11.059166378461304,5.1441370507643525
1.472781354576334,-4.7550748687322315,7.1867543713351525
-5.909209151428256,-7.97223867756074,-6.458142049479073
-4.789144919565723,3.2890982111772744,-4.209691260004986
-1.684338637094041,-6.678937005436381,-4.743005487438535
-1.5855299271095367,5.157417543150615,-0.5442554294925059
1.1798321250741663,-2.1424734653101773,-1.1170677846502808
-7.192834491275208,-3.6193341422026193,0.0320782952360219
3.405832696276833,-6.847076674156225,7.400036433971275
-1.1541547199174171,0.8902280999988439,-3.0959869082874265
-5.705545379605114,5.757969215316982,-3.1254646779292443
0.00408560408518574,-1.1626085777089172,-1.8549227000604842
-3.4792574296866965,-3.4624891408713014,7.413867355437302
9.64568668239362,-2.6430215895514317,2.4344155935889003
5.1796025032964925,2.7040225498121098,-4.0405965500487815
-2.4611661270527034,0.005418527668620499,3.8097599428816435
-2.268552638766214,-0.7111523795870884,5.366850792215403
-9.262997279647072,10.40551800494378,-2.761144062878726
-1.4518664830751233,-4.408605232351296,-3.646912992543247
-9.10404768208147,3.4651005203640284,2.185005379864279
-2.481900226348943,8.116367304792796,0.49539233368042723
-1.0961234573767866,10.33255440199759,-0.03121191430818824
-7.256270172838652,-2.115639092453377,1.2502103779977523
0.06933812031919007,-0.48345794683467047,-0.4932064313938922
4.388113624799414,1.472222768813072,-5.9239239681812235
-4.005449977830567,7.324877458240563,1.3430527427981476
9.05477636163229,-4.434403492299733,2.5198823149669325
-3.724326023135062,10.075404404551744,8.75133439688213
-7.17696329905829,1.532725944364585,7.83266611800115
-3.480329700374664,-2.138312608301644,8.189964946003483
-5.517179281970911,1.6295501187049113,-3.6166309821834153
4.088012564907041,1.9610928166557646,4.9035556449473665
0.45103892263248957,-3.140689831304157,0.18862400470655188
-1.7920137264964175,-7.151682693541161,-6.489845958100831
6.583366651558208,8.331639910375948,2.940262668024559
-8.513335097111145,9.605796219088846,-4.082458077964158
1.6975601350514058,1.625685946216129,-2.2636318939499414
3.8511566522382514,-2.4143214235148416,4.573556638462058
-2.874450483680468,8.225977625526713,5.415548225440451
-6.3339046687658325,-7.360114871523895,6.8002708417335835
0.29921658187450256,5.143775406266181,-8.363560397680248
10.159134682329615,7.598496173793896,8.047240352005668
0.640431964881278,1.4290265173528705,-1.6454232744984112
-4.086114173427533,10.243070228353506,-0.038921912037899714
-1.7693497238876736,4.826751166738656,-1.1877160698655955
-5.3163165197868505,7.476387091767084,0.7645363410276654
1.9967412026532718,1.5269241202407797,-1.4074190274565492
-3.3024820059710898,7.180833968269843,-1.459580704225408
-5.223546733134097,8.177589643912142,-0.1258275136888531
-2.819355180351053,4.393373617512558,6.454628588701941
6.532157945760523,-8.246979092222444,1.1150843336832599
8.293464300161732,7.303428368189335,3.148581962960365
-3.2153941601104816,-3.4148069508530545,4.194355713671479
6.9526189845852935,9.763748623779065,1.4325929398707915
-5.493677463294204,-5.413190807732036,1.2498722268519824
7.940448856427827,7.946572062154643,3.277889132895575
-1.38649598282271,9.478665292845696,4.075076731749026
-5.229062993810674,5.847710551262335,5.649440433753293
11.036685795574996,-5.155328715942054,4.6021981416224556
-4.43591767116213,9.406594528558013,-1.362605527850489
-5.75213563826188,-6.573412120540808,6.512389677533464
-4.283179279914765,-2.906613171758055,0.14990138900197714
3.998460320831352,3.8709367333301747,5.929069136664983
-10.563903453694579,2.4718993889587555,1.5788755324121844
1.5178178684051153,-5.090806387885957,6.703025679156505
5.2608240459403355,3.934461060403258,6.178141595062108
5.291944338706885,0.5701729516195028,-5.572370461288402
-0.3254293559045629,-2.2756856561856673,-0.6490864937222308
0.5380689768047228,0.9798613377860294,-2.542596095446002
-6.495278487543253,-7.0961653647650635,4.712588113529347
-4.336677535424803,4.375014163688176,-5.557600681200156
9.050097653099556,-5.309169492376666,2.7630063485451117
2.43080546865663,-0.7286557193256844,-5.607446225359545
-2.1963317801835607,-5.506123156092875,-6.769811179450157
-7.006378096520916,-2.9880338334175027,3.1887910305285248
4.447957652017246,2.8443953676799922,-3.443651092619948
-3.3106926399985563,-2.8266791649049208,7.745369171229953
-5.116072653898769,4.370545088688927,6.8517006445324675
-10.3177503231244,2.4152318832014554,-0.473711894183533
2.8203190171716335,6.129239576255914,-7.655933805269814
-4.146457501082767,9.226607311919008,-0.14489292720845087
2.8093320410354883,-5.086670430465388,9.6854900190822
-0.6146050470003905,1.8019766689329164,-1.4110874293835742
10.90774628585352,-7.81907089167159,-4.582818700459947
-1.7871150745777291,7.149123946243119,-1.4641484580460604
-2.0797648694111235,10.336166752367784,6.651793855905593
9.22656445723709,-7.431682921327177,1.765924820942729
9.615092695859227,5.487346258564684,12.136884904793869
-5.971861355987983,-8.405583722561072,-7.340486254755655
-5.706084362378984,9.23049485128286,-4.127740404175223
-9.261498368251337,8.205711490437654,-1.3726225678953854
-6.853710457543213,-7.208060826554156,-8.2906979346419
7.772405896745761,1.3270575398379216,-5.554527428639478
8.947706113116709,-6.293284082970881,-3.0119454072647507
-2.4233204597956,5.8624908772666,-0.4534161107900164
-5.410859975475365,8.11420966755102,-1.9837496342974297
-6.617767047292481,3.769257674030303,11.123932552075194
2.775253159804164,1.3220695844803785,0.015095425060724699
4.551841629097321,-3.031640593608172,2.8444090010570275
-4.481345322701613,4.111057096883745,5.775670456573945
-9.367500760958563,3.393884156651942,0.348746099448354
3.98084353904101,0.7690098764158634,-4.904469551498509
-4.697479165575105,4.3667812847700525,-5.229635420347689
-10.238921074986091,3.667354268831105,-0.1617610623680974
2.155677598375055,2.3427185640063364,-0.43988821566591163
-3.9926885826152123,-5.768109626128494,4.677843196445199
-5.69839998023897,7.257282643191577,0.2873740358817649
-6.438400841844025,7.161819887875634,-3.8407244430193757
2.141310234534978,-5.771426081834935,8.84739995398918
2.90464810240634,-4.567135373407634,7.094667507867919
4.3793738385291485,0.5980562489479,-7.7512847572157995
1.8112478301259198,-4.800761073572217,9.245377939266122
-8.85471103181185,3.5086390930577593,-1.1969404147267997
-1.7708175716989012,7.463838587520599,0.14825707082410786
-6.416694980583542,-7.281852123247271,6.966761969200824
4.512484224122799,3.9766606695150117,5.971108950390564
3.6590368396053985,-6.076893320753924,1.2441875500774011
-0.7106210817456022,10.366131067126624,-0.3461507033267791
-1.570817520873623,-5.617977539253013,-6.42133724317118
-6.29629720019707,-6.541469877091081,7.026243053611708
10.007005803474206,-5.136425042373968,2.17815302632445
4.111237021470443,0.5885986145015927,-8.677788371221489
-10.450358404218344,3.2068186275624257,8.59495659430195
-5.509035648273502,7.8628596286544425,-1.793146221954047
1.3415914375511644,-2.917630010193018,-1.013382474373496
-0.46799439685353117,-7.400266874488914,-7.773552159879089
9.985204768645769,-6.567568759930818,-4.373012838213636
3.025217035622238,-9.764909374826033,2.279872941647923
-9.520688665730582,8.797709084366101,-3.013650603302797
-1.4940446896904116,-6.7720869894167395,-6.290867355278138
0.9128022010241299,-4.810441551888985,-2.1190730559986384
4.362318151599228,-1.0791825856573132,-6.62104117561708
-7.10003827883948,-8.156012609462124,7.413150335455748
-4.221949807863085,9.197170884274342,-2.519414909894716
-3.2815424984469876,9.489480519102447,-1.4051767515420248
-3.3039825433117653,9.4006408889491,6.797434963137604
9.714390804808717,-7.760047496509173,-4.120818001241748
-2.5547490107302084,-1.7667808118709978,4.901678784609906
-6.367005098600243,4.920431671313061,-4.873236999265765
-2.8849668044533856,9.404212769394158,5.994553423126211
5.516593817147805,3.7717505684319432,3.4242694331639143
-3.4648059538621054,9.64923652436628,5.201043108843748
-8.365910706945074,2.5013442557913903,8.230726845499847
9.249499597935705,7.704851996174705,3.397771103357213
-0.8793151955821317,5.803600719507263,-1.2943686880250442
-6.318534853066411,8.770052874346854,-1.14120616586038
9.142873037241095,6.496230510343332,8.349302860442469
0.8579480223666535,-2.1658788329078744,-0.5497339436268096
-5.2120907632510365,8.248041605995688,-2.5860932528722733
-3.9508861674036764,10.254934391867573,5.951436757627002
7.114796983117074,7.037227019956569,3.775042131086888
9.117572170921878,-7.7781171405417435,-5.694094443533726
-1.9366673493229802,10.29302997413589,-0.9245599313627698
3.236117389085751,0.668540347461877,-7.053708212995989
-2.7490761816616986,9.78332236441151,-0.25923614513562576
-8.287082038943183,-9.032618789180356,-6.5943174270784475
-3.290901073801548,6.200061068178867,-5.141658751504378
3.398419523084337,-2.8436782702841708,4.556873469342904
6.036855775121983,-2.0449690616030165,5.29156527714559
-6.775204173627269,-2.078050813758354,1.9363994755426264
-3.9362079438471627,-5.021760857816088,-3.7498684451987954
4.891801623786276,8.269761282636821,4.054207953140382
3.0974797284766202,-9.038520077892187,3.8535475078445436
-6.4367002459806395,-7.205168482293031,6.257454661210067
3.8539927819007502,1.2558309625429454,-5.766793406025801
-4.94165591300286,7.959560232202008,-0.5521479601621289
-3.0703717874878937,-6.784433359044519,-6.145840433578655
4.131704650844394,0.19441423783994027,-0.42019036610845073
1.2609887423650274,0.33380157827256535,-1.4083849301780753
0.10491775887398633,4.549253680961283,-7.484725805679146
-4.464642308239776,-2.9601413756384276,7.195796699451242
-6.409558295324069,-6.277163946373638,5.7072970639019625
9.333545862932924,-5.255089972230689,1.6000722289158784
-4.810902594347068,7.6814924071423665,-2.844177105136724
-3.8252354240998443,7.525575001611634,7.263211516557429
-4.858927209815551,5.307952504702309,-2.560308925952837
9.736409154467283,-5.976921493753818,-4.356453918026201
-1.0954124159301801,-0.08269974182991957,5.103170711259657
2.7029527606498633,0.8794785389664743,-6.452626958989983
-4.086254573854197,9.831438581004072,6.459580475330956
-10.942824283340553,8.73095217918793,-4.295661130444257
-3.6479716267217426,6.248499944787563,-0.84864267474691
1.8050190277732445,-1.1837465867436738,-1.3093520696527041
-0.658640208219634,5.872139637038378,-7.511525045176725
1.4543047848524213,0.7603376986043301,-1.4234200582759877
-3.691011699269972,-0.7585764581743746,6.367023982439328
7.834364162768439,5.699496395602736,11.538814957649706
-3.0128544480883046,10.072115369070573,-0.3973045197986462
-3.12142070471306,8.177980250553139,2.3661018460723566
5.016948360408826,-0.7066692386436293,-0.056620658353843334
-2.101142932031978,-5.749049663335699,-6.887882854207096
-2.0864767639390416,7.896989156294497,5.282238896341411
0.7732468628115224,5.822946086588646,-8.846811187388388
-2.4256022021225214,-5.380506797367907,-7.551235961310738
5.7715004880034835,9.608958191091725,6.3401432386222485
-5.921983589055172,-6.1687041381426555,7.11234682334403
4.151266504664756,-6.335342208050183,1.5400503249824926
4.186846517398723,-7.892116485493258,1.316313596797885
-6.172935304498894,10.010972465283025,-0.8876404689199487
-1.359232442161186,6.627643635923371,-0.7876038900429259
-5.678749562531167,8.17577470275995,-0.4987004569456759
-6.1085924639336655,-2.76094161302508,0.58004512341322
-2.6684565427944733,-2.659914954005212,5.101958721320974
-3.5463723958337905,9.23091350341329,0.37492609393881443
-0.3240803303661053,5.489836983514921,-8.341256037645904
-6.284205005446602,8.114810869053333,-1.5420331242766445
3.2295905466215995,1.3776422482095667,-5.419695639355081
-7.2935002301143514,4.349919009521928,-0.8771391336981531
-4.321370800977306,7.337166311789138,-3.654151944629126
-4.153112148550175,3.8988096948838016,6.05034817332545
4.47438433243744,2.4974106421534326,5.071455706377242
-1.7097900944578606,4.670143276854644,-0.8874844692698638
-8.79214575390022,8.48236694492621,-3.7778774272259525
-5.636615646933761,-4.944819690597012,0.2352966802156815
-2.8392807793164954,10.317075587697365,4.54598522710716
-4.096128306721731,-6.702927605813545,-6.449668120540212
8.389426512029845,-8.427347306259556,1.2032621922712754
-7.815180902901104,-7.975374861764316,-9.330429715512683
-6.9319230973685615,6.71255873932594,-4.1797322945457775
-7.199683876509347,4.020025645062997,9.91888602114073
-6.086492508370454,9.978250012156254,-1.5612323466267655
-6.158468647826163,7.705700265444919,-1.4488738685415363
-2.015075506501832,8.697087047142338,2.4567747720762
-3.3579078958325157,11.08982834122436,4.734294840735816
-10.30147844424765,1.0835798887491297,6.445012555339724
-3.4015910869492596,-5.528686832624222,-4.299608889173923
8.101436235875795,-3.87726901447699,3.9024312162350174
-4.8279034012300635,-1.3958079747782564,5.381358971390887
-7.48427573334627,4.482392209153967,8.841164861854853
-2.3423634517634877,9.050795484297137,-0.8554741624893369
4.7218227440896925,-0.7576907839497251,0.2855503863812946
1.183241236826631,-6.188153660245423,-5.425182008352535
-3.1787019025519707,-1.9483204617717012,6.689579636735116
-0.7214758122372318,-6.606015226460703,-7.335349455231883
4.567248289605065,-2.871383100986332,3.7843295314686243
8.357373411309526,-6.482392378999722,-3.399703027342108
-1.1283747901742025,4.538754740120365,-7.761113205650261
9.709373463855046,-4.851299961014125,2.37999025375686
2.9704557149384083,-8.334426293376033,2.0803395306842423
6.352658082750132,10.18692327603876,1.6632842689764546
-6.655205127882533,-6.571902051279387,5.1617133955573955
-4.37654688036163,8.529483833846704,-0.46932565503230494
3.8570969304515748,-2.1114354993453377,-4.958201825937348
10.25557017672678,6.147035339762886,9.878998197151436
7.038016556511313,-1.5457356226066192,4.812823493240498
8.840429753261422,7.938191034942813,2.9171492358222424
0.6968294527547755,1.4042124182142806,-3.1447614725375193
-0.8329589321964177,-7.8836095676295805,-7.313716032375644
-4.570142409355768,-7.61774132670849,6.260797052626694
1.0255851125001552,-9.041624411754729,-8.925468562929481
-2.9628868039483898,8.792869761444187,0.4953420983604059
-5.406913971543503,8.134238773996252,-3.0361377269080396
2.1787941617337436,-0.2946141273986167,-2.1711858550887833
-7.180763883421226,2.869349677849972,9.038317111702229
9.242919017987825,3.8359970077435332,10.344699092617578
6.037059615875982,10.134923174957821,5.3937553763171895
-2.1030948039875383,-4.292361868084276,3.582054724958443
10.078581792892557,6.080789773110505,8.781297437274679
0.10636196178289392,9.290594128767465,0.1463195507064594
-6.056252736251051,7.523588129642852,-4.213216530331039
9.165032210061108,-5.454314490100433,-3.806505893063075
-1.6000408517663685,-3.878266060109392,-0.2381975660088995
5.390373353563558,7.509829152819044,5.816932826776974
-3.3632508969036397,8.074932636332509,5.315914171418169
6.004254867762397,3.498098021177602,5.779497545176276
-3.2034668256363235,8.052407967919061,7.1040530338181185
-4.338546303852746,2.0532632127520083,7.697527196346808
5.081388583930271,5.6526161875457674,4.677134886076507
-5.183515973708965,5.993480228002823,-0.7995437264586779
6.0264973947883425,8.45965948409357,2.406053304529779
-4.593684760524303,8.354552429364137,-2.0784619388604826
10.250236997733174,-4.882840605706932,3.277913863910392
-0.5509158020795584,6.525781595470903,-9.920180812926798
6.5312454970341705,9.246495526915954,6.481253111193064
-6.356473365769541,3.5921819239880044,-6.59814335683592
-8.130268384671519,3.4421515562817295,9.37024219887258
-2.6312204516882,4.372048859573021,-0.8854907268639547
-3.8019445352998136,-1.9302416779855522,-3.46793021884759
-4.832195131372774,3.343304636517123,5.1981179622773075
4.655977616326508,7.89414085761717,6.126414915986775
1.193613838340564,4.225789897623523,-8.817761251909534
7.91944276671539,-4.569122662309676,3.385549928148309
-7.837594312609947,-8.19399697235643,-6.764848050852543
-4.145336810343405,5.390415055083149,-4.146990855501671
-8.928990349209485,8.726625398971771,-1.3527597606873476
4.573821833809099,1.585472180801097,0.10889502891639424
-3.5956632519478156,4.795963975870816,5.077618788135723
4.889350269312125,7.848976712049047,5.561542307972378
-0.19275770941453452,-1.0073353597820789,6.763922964207088
5.295630268875548,0.2813844242426773,-4.922708539434606
3.0841811385070925,-0.9799366840968674,-6.574617930286354
-2.8001569775649733,8.271584845822833,0.6850467647196965
-4.2814276889126015,-5.922989160309904,-5.961678808162444
-3.7115243324381444,7.686948318057056,5.580608516461918
2.8508039249496595,-2.851207198211911,3.3802402220076266
4.873577353585833,10.203094164580943,4.253345845144343
-7.687943290470262,1.202795493922329,10.856959004685596
-5.198433400557604,3.0947111747357643,3.728120268232189
0.2090912080173244,-6.796371761981227,-8.381560849432562
-5.699760495843085,8.826701288934022,-2.1092191126870286
0.5522904538154473,-4.665601934311637,1.2104411302792093
-3.7513372050851688,8.843261870858415,-4.516675867020858
-10.73557823867311,3.9728077935828034,-0.17718531714842337
4.4948825621657384,8.615265578846538,5.839142262840088
0.36525545266624226,-4.3725507978689215,-1.515186016396519
-5.118075211343928,5.242366432848855,-6.601589854387413
11.143854961867987,6.171722352812701,9.1863432782908
-5.217074571779008,8.386388597872118,7.823188242935405
1.134346693642942,-4.817786902653691,-0.698628819020014
5.9023304177372795,0.731545124024725,-6.034493792919589
-6.319889504370513,-5.128961044454323,0.3821264566385917
-6.5530618729251175,-3.04589310811409,3.6168970178585935
5.949008672006198,-0.3053869824781592,-5.6944087365124805
6.750524077807441,-1.502344237185369,5.375436510929934
-2.822060734873389,9.384313219706396,5.552637554966767
-5.053526249026425,7.199541719725304,-1.9614348651217002
5.302017609765814,0.4863170445484355,-4.828222311828367
4.938659346583644,2.790682727473775,5.7427450895482295
4.273555749709293,-0.7272681540190744,-5.9366174942363745
-3.114226717265098,8.689440940000656,0.6609463865888499
-8.119910270310246,8.850377356385344,-3.071172605104273
2.7056350586176094,-5.306303292027149,8.71647982778886
-9.622569663596641,3.854540374888705,-0.020783465346670194
-7.17122858055976,-8.431492715124339,-8.494643722724799
5.704795764875682,0.6684814272571981,0.7984112738684422
-4.971651054907343,9.400832197288631,6.510304940216061
10.058358492722046,7.158495186514876,10.189929620020926
-4.306845324413595,9.028967508118873,-0.1393279694373502
1.19079293494772,-6.959179517419143,-9.363270856258113
5.811049614813564,6.326093189258762,6.342972807545622
10.436660102724066,-3.2250565085614875,5.185271267584881
-1.3911812888474122,-1.9038094805855028,6.050251367783502
11.217113475676197,-7.198254199499978,-3.709009953530418
-6.255335128037647,9.247082006901453,-0.5480363684476466
-6.2136944468993205,-6.3970894151522275,8.146527956561453
-3.453837996808489,8.116135096849845,-2.2322815240141436
-3.3308029858943318,10.01461245225677,-0.22773211107054286
-5.724737404382962,-3.9748880453766087,0.39683125378014494
-9.111386770824712,10.064618504012628,-3.0249427366955572
-7.487394436410519,10.242952129152773,-2.165130458861792
-4.03331115629548,-1.2526400141178415,6.85355734051787
-7.44747159949212,9.086326444879127,-1.7464436203195997
4.095860053627179,-5.065507591669537,0.8019358911022425
-5.802145343629555,8.754948979315563,-2.0037238066761365
10.84789460936938,-4.682740262887879,1.7827790090323168
-2.749762754070599,-3.0596730688825877,-4.48728404227637
-4.01024865717858,9.091606089660434,5.524962437713248
1.1391474559198986,-1.7502019662593016,-1.5350307138197228
4.1284238542124205,-3.1337739666259354,2.3334431106528344
6.175088601682673,3.7453163101684805,4.229189071096654
2.629143127366908,-1.0423924399742723,-5.58421753609969
-3.0904735383315667,-3.7543874867243896,-5.128548123581045
2.57007590984866,-5.88517415053615,9.108990210062894
6.6000386165254215,9.88056198410648,3.000413886156479
0.6453418102473474,-2.4339160463634606,-0.2959833582673767
3.405659402187299,-1.6680353763865001,-7.136946582473538
5.191602521640454,2.7494645509222293,4.240897125137189
3.0152215645632894,-2.4349824657090036,4.067975469443056
4.739027413538599,-1.2982028449002116,-6.082837645093607
-1.6024131534327823,8.050238393309392,0.358821157602647
-0.5385380019813997,-7.537306365337148,-8.91219649687603
2.9092147296687347,0.9425612529170062,1.7015937968925625
-5.318116975667158,-4.560383924337976,0.29831851096391504
-4.958204674884188,-7.648168124625381,7.5074343055836446
-3.170331935326245,8.175900588197011,-0.23630458984765218
-5.434860238501692,-8.729593662099079,-9.20191679373596
0.3932914344595937,-1.6538994989677307,4.172776493556525
6.358298384918694,9.559542120964537,3.7178947010497234
-4.014014232812431,8.688466609959166,-2.524358642474475
-5.932975070823362,7.200335426062646,-1.198111332893614
0.8195904819868525,-3.1206115236128844,-1.1532887236772984
3.252764085846338,-0.2362858216261664,0.4864289040480594
-5.263813018926151,2.838896612640297,-3.010647057017318
-1.5926122048463895,-3.9436650134629003,-2.736701660652002
7.9741491592869655,8.89852890002017,2.1491160016113398
-4.523945694722008,-2.549442934819891,6.591247474637326
-2.471020657919544,7.479256787789416,6.61500136058206
-9.469969897983551,3.210612445021379,-1.8774762863259011
8.984122259253756,-4.9518322445003635,1.1068270625698926
8.540178555519613,8.0060704533266,2.6283371990087043
-0.7299257997692441,5.3284390963714054,-7.8331067410620205
3.5835716335176375,-5.806329043951459,6.441689718566323
-2.6894271057225345,-2.501167586721202,4.255382152450153
-4.459676712825669,9.471647436956303,6.220859908147893
8.346545648716743,-7.199904196684975,2.438715822747179
-7.02094002051565,-4.216121532354762,0.39198020166635383
0.9406266838672687,-8.168799162514224,-10.044208677676734
-4.896889687392838,9.21968368267889,-1.2811383781752468
-5.010365490683375,3.744816002934848,-2.7990855737897085
-6.318973964702319,-8.768167427596513,-8.575938460668892
0.870152419023308,-4.702090725478973,-0.29315580089899107
-3.3456201708516895,-3.82959581094421,7.178027150748582
-2.582438501043061,-2.640733134674759,6.376775918918009
0.43072695458327925,-2.9855074854904924,-1.6355014878935143
-2.3034122972465165,-5.5897054110910736,-8.498937246697736
-1.8138111959379204,-4.282984772430593,-6.571678435768822
-2.950690393516083,10.759251604164419,3.40075473963839
-7.954467120011415,-7.609560858548303,-8.169711609211275
9.190542043851325,-7.2486562001978525,0.7788973386411835
-6.919464308310038,-6.738936509944262,-7.178499504358911
-4.175349353709694,-3.831138445837112,-4.680656564395405
-7.073229474492774,-5.0921515670764315,7.386328276663014
-5.216657822615506,4.9034707917167575,7.605406358431949
-1.62110795420423,-1.8370907276216295,5.827790017595802
6.2164465000373035,-2.9263817871894813,2.914122990910513
4.257557466377341,-3.7629004104797135,3.6079624293354047
-0.3784420149184453,5.72877813332101,-7.931784555808621
-3.2885372716883063,-2.6879673148861176,5.242776291342352
-5.3327284601293865,7.99606028913562,1.8761491376844286
-2.398328611276151,-7.950470118237856,-6.708830146880115
-0.4406549448984003,4.818875925803054,0.17598370889937343
3.936541555580988,1.6955101981366183,0.8819426967060287
7.989698549636455,8.44846963960235,2.265397598562857
4.779617519758217,3.8551395507682464,5.1171032688575036
-5.270131637657691,9.168396778354762,-1.6330123175499822
-2.4806186981994918,9.91974507984564,5.062836656154107
-5.392733520065921,-2.4720654277017258,6.497732366506705
-6.4431863375323575,-5.9285756438221835,5.819780169389814
-1.1313707110015927,11.052092209011665,-0.6379184996514838
-0.5377135367885512,-1.792370523100587,-2.529438213551744
1.1286315025391815,-2.7838626687646704,6.055013749378683
-2.029181073486691,-3.0739866792232524,-3.3569630333586273
-4.537819415612114,-2.761829273133658,7.398127635581488
9.607371462687208,6.858986602976663,9.421669156638492
-2.3642434424137275,6.84571500695867,6.580432339167181
-0.22346776715452243,-3.39989262406362,-0.5036217266559287
3.1191018345659667,-4.793378072926324,1.1619490109346808
-0.2640531578328332,-0.49525667635898085,-1.8709128565111286
1.0565689717799467,-4.49650161074246,0.23195736952980173
7.63058308946516,9.280620320072682,1.3196900413156816
4.846765162570855,2.847584334757834,4.761337075876281
6.398305715606643,7.3531789305515,1.669805657586198
8.33956359276585,8.932967842591731,3.6962622586629634
7.7016949122498115,-6.709161454482769,1.4104233103384045
4.136958853085073,-2.600799514580796,3.71612675327465
-2.0704021024326416,-3.3549578361120576,-5.733563264882427
8.029904463163717,-5.5009323699629125,2.3925831708803953
-2.923549655653897,4.831912580255272,-2.629323455302634
-4.0722238199766565,8.250125714769858,0.5492396651968665
3.343948338655937,-6.401921953805174,8.04498163104624
-3.827432125662154,-3.626115811370428,5.236964874773742
-3.065195469259917,10.654372006454444,4.897328369250163
4.569770959226237,3.1954674219605366,-5.377666112426829
1.4876114366823954,2.540804764936065,-2.0703377079683216
6.64548222437996,9.637989504829312,4.9461772916366975
-4.774131280423666,5.238567715392146,-0.7220036258276682
-0.9533726759429857,-2.598322878155314,4.591647875491195
-6.302400895261674,-3.906798598561508,1.3866017615688144
-1.9748991855438707,-3.126782056393509,4.149001432089018
9.718881036565683,-7.10956145732734,-4.7619020920984605
3.6789332563155694,-5.769060787444993,0.6379263545387062
-4.867002906878368,5.698718989392159,4.373624776845202
3.028094170074473,-7.830967921641468,2.1752907322370643
-5.172375300394612,8.549545364166246,-4.538183445785297
-5.132051776335611,2.3670196824361422,-6.884588050086002
-5.209253375545893,5.274359244933933,-0.4530012110541567
1.2386142809714211,6.411190036856738,-7.388308393296483
7.291838182883645,8.295458395734293,3.1964322507622733
3.093591726526719,-3.034660849077191,3.0153650113200086
-4.236973348841792,9.299319992822907,6.1555875319940725
-6.05705797386924,12.059932678913185,6.284380135579216
7.618988422106143,-3.111632899515231,5.793763771918392
6.150020242219093,7.018011633929525,4.776151803421184
-1.0791450163312275,-5.15426509081809,-6.420678882292418
-9.660639178811618,10.977999989321525,-2.4207922954016983
1.0985991433520474,5.129261293689376,-7.5203022813015865
5.346816728923966,4.435504069163851,5.718218802225832
-0.5379856421289279,-3.060138455267129,-0.8879348116851333
-9.627552693059002,8.774708654733917,-1.7996690282901213
8.114035670392104,-1.1555355919157997,5.864071570817945
11.251002113953316,-6.6930763845915315,-4.095482400063327
11.260408275268981,-7.045424249614414,-4.844660568437368
7.475667295394717,-2.864505323907376,4.668550664844673
8.197764535415185,-3.0229788579423094,5.189400395772569
-4.7727579752626585,-2.3006899930059763,7.460729592703205
5.4407424366963575,3.7087630014859156,6.09945177454595
-8.789927829905398,3.823513130748628,-1.510909118176391
4.106740747236175,2.482702046186853,1.535312620567082
-7.848686953667804,1.6099066307367194,11.178599767605423
2.4045465388127303,1.3937076745526644,-1.9926603388355615
2.0132899127992943,-4.9135700536024185,0.5678756741375586
0.48375959389389267,-0.3917481749360645,-2.6024533742582827
7.27728856936889,2.3580736065558234,6.19821619435812
-5.541538004824041,3.0538178514574135,-5.306178930693039
0.7815086806642642,-1.8473672863303467,-1.4688355679150458
-3.014538683960332,3.93100964624396,-1.4414354394896753
5.234611937661137,-7.428189629020811,3.720045538830406
6.55210027257542,-1.5908329722904642,4.725500037340743
-8.050373349324476,-4.230839042647792,1.5049910760754515
1.4272244777405216,-4.275762085517336,-1.6765028525967745
10.176428949076595,-4.7474420417902925,2.7271807147335685
-4.526471237043311,5.200360293254523,-1.89727182923436
-8.626864610979354,2.3867739864773263,-1.280994044811942
1.6770382561867532,-3.8693727450764577,-1.3765938532845603
5.113458184883769,2.9772537341084804,-5.823648140454565
2.1146081421683847,4.3184950761064735,5.406625964109168
-3.171018918070053,7.234113285926011,0.42284887549986133
9.122889872574232,-7.873563576842135,-4.490033208488656
-5.7926968480555585,-4.693476168934574,0.08963561857649283
1.006318604336073,5.067249112621179,-8.599683407690787
1.7747930361428277,-0.824833062480238,-6.145270999561805
-4.898737182201621,7.640621555190521,-2.0862972099425505
-10.010955464367848,8.66744692728626,-1.8293039728200715
-6.554868481051309,-3.8115369631608162,-0.1488636353445103
-2.4119657649677286,-4.314189857508894,-5.247057158542653
6.943043161010271,8.186671362017297,6.623779080076247
-7.178004393404598,8.249815643839776,-2.883395678159684
1.6618902894622796,-6.564250011459558,-7.227272181361565
3.664814400112099,-6.125141216427305,2.0885610053859476
9.370550715209784,-5.2177566869554575,2.7004369767605567
-4.161076454536562,9.424078852142236,5.862594122544029
3.308879135263801,-3.4260717867774324,4.409028113129204
5.277373423647128,-0.5204881721335014,-6.591754365712766
-2.5195453415994207,8.675616229829123,7.099256957545814
-3.4246874324619987,-6.735578604912414,-7.49835869072516
-3.4546915570710963,-7.350715312490162,-7.309554538428434
-4.317291341879349,8.74846485982643,-0.8140339644951717
1.0306241923543051,-5.469602377978638,-8.418637291427807
-3.977055153496399,9.0104023753245,0.564365816222533
-0.25665748519966647,-6.725754572939734,-6.8035935202489295
9.407580073788221,-4.797236589360341,3.399275593267362
11.138201031834502,-5.803192870781409,2.1321906352609385
-3.068279126196904,6.929829365125279,0.7535113758142868
4.790757277200225,-0.4912851366021521,-6.10536592483274
9.684324402096156,-3.2845525822938137,4.104109675421889
-10.115629174509078,4.608580770070734,8.44065541672934
-0.3455147289327871,-4.412964645343271,0.5712902152042337
-3.1471793136733206,9.563701243041674,-0.17076152152786783
0.14625506444152936,-8.762667291962833,-9.158968663380902
-2.3033208349674803,-2.31976762941166,-0.6810275371777794
6.122508447553644,4.554825337970398,3.5412036187924922
3.2941685142687067,-2.0931388624917435,2.3588722499068515
4.778251434970688,9.15847688602076,6.107877169789152
0.37448307421128846,-0.514372801723798,-1.5955047558552486
0.9134982073257324,6.369535651183607,-8.994133238274225
-5.118209349341179,5.576110540050267,-4.237922652621548
-5.795536314474884,-4.49250111669144,1.4541718432205375
-3.6021573068153026,8.603486887338143,-3.9796913882196794
6.060265259104957,1.7148866588048965,-3.879947841988227
0.5069891497818175,0.49010609055088816,-4.400382095938772